	id	videoID	duration	channel	label	proba	pers
0	80	-i-mc98vbPI	101.735	UC48DOiEvCDu3sThBijwkQ1A	-1	0.0	0.0
1	81	-i-mc98vbPI	553.32	UC48DOiEvCDu3sThBijwkQ1A	5	0.9662052533516894	0.16926794817384655
2	82	-i-mc98vbPI	38.4718	UC48DOiEvCDu3sThBijwkQ1A	6	0.9322830713591472	0.04186825568596376
3	83	-i-mc98vbPI	60.1935	UC48DOiEvCDu3sThBijwkQ1A	-1	0.0	0.0
4	84	1D4lgDHNVHk	209.009	UC48DOiEvCDu3sThBijwkQ1A	-1	0.0	0.0
5	85	1D4lgDHNVHk	210.11	UC48DOiEvCDu3sThBijwkQ1A	5	1.0	0.16926794817384655
6	86	1okpR8VUYhQ	313.213	UC48DOiEvCDu3sThBijwkQ1A	5	1.0	0.16926794817384655
7	87	1okpR8VUYhQ	100.734	UC48DOiEvCDu3sThBijwkQ1A	-1	0.0	0.0
8	88	21IqloyVWXk	104.771	UC48DOiEvCDu3sThBijwkQ1A	-1	0.0	0.0
9	90	21IqloyVWXk	33.9673	UC48DOiEvCDu3sThBijwkQ1A	-1	0.0	0.0
10	91	21IqloyVWXk	694.628	UC48DOiEvCDu3sThBijwkQ1A	5	1.0	0.16926794817384655
11	93	21IqloyVWXk	44.2776	UC48DOiEvCDu3sThBijwkQ1A	5	1.0	0.16926794817384655
12	95	2AGSOMwULug	434.768	UC48DOiEvCDu3sThBijwkQ1A	5	1.0	0.16926794817384655
13	96	2AGSOMwULug	439.839	UC48DOiEvCDu3sThBijwkQ1A	5	1.0	0.16926794817384655
14	97	2cYynPWlgPM	198.732	UC48DOiEvCDu3sThBijwkQ1A	6	0.9759900854171562	0.04186825568596376
15	98	2cYynPWlgPM	451.551	UC48DOiEvCDu3sThBijwkQ1A	5	1.0	0.16926794817384655
16	100	2pO56z7oMZE	243.61	UC48DOiEvCDu3sThBijwkQ1A	5	1.0	0.16926794817384655
17	102	3hSZunsMeGk	129.596	UC48DOiEvCDu3sThBijwkQ1A	-1	0.0	0.0
18	103	3hSZunsMeGk	40.3737	UC48DOiEvCDu3sThBijwkQ1A	-1	0.0	0.0
19	104	3hSZunsMeGk	729.195	UC48DOiEvCDu3sThBijwkQ1A	5	1.0	0.16926794817384655
20	105	6nJoIOSwjWo	98.2648	UC48DOiEvCDu3sThBijwkQ1A	6	1.0	0.04186825568596376
21	106	6nJoIOSwjWo	1491.52	UC48DOiEvCDu3sThBijwkQ1A	5	1.0	0.16926794817384655
22	107	7K-y4PRxiTQ	189.689	UC48DOiEvCDu3sThBijwkQ1A	5	1.0	0.16926794817384655
23	108	7uH6hL4_KvI	160.227	UC48DOiEvCDu3sThBijwkQ1A	6	0.9629757402835653	0.04186825568596376
24	109	7uH6hL4_KvI	331.064	UC48DOiEvCDu3sThBijwkQ1A	5	1.0	0.16926794817384655
25	110	8GTrogQx144	277.1	UC48DOiEvCDu3sThBijwkQ1A	5	1.0	0.16926794817384655
26	111	8GTrogQx144	48.6333	UC48DOiEvCDu3sThBijwkQ1A	-1	0.0	0.0
31	117	CThhIs-QPyo	436.67	UC48DOiEvCDu3sThBijwkQ1A	6	0.9177457270075982	0.04186825568596376
32	118	CThhIs-QPyo	604.637	UC48DOiEvCDu3sThBijwkQ1A	5	1.0	0.16926794817384655
34	120	D07_c8qNbTE	1161.19	UC48DOiEvCDu3sThBijwkQ1A	5	0.8843758852668553	0.16926794817384655
35	121	D07_c8qNbTE	41.1077	UC48DOiEvCDu3sThBijwkQ1A	-1	0.0	0.0
45	132	GbtxOum5NxY	63.2966	UC48DOiEvCDu3sThBijwkQ1A	5	1.0	0.16926794817384655
46	133	GbtxOum5NxY	856.522	UC48DOiEvCDu3sThBijwkQ1A	-1	0.0	0.0
47	134	GbtxOum5NxY	828.494	UC48DOiEvCDu3sThBijwkQ1A	5	0.9485099994441384	0.16926794817384655
48	135	GswZzDS-8WM	68.0346	UC48DOiEvCDu3sThBijwkQ1A	-1	0.0	0.0
49	138	GswZzDS-8WM	319.953	UC48DOiEvCDu3sThBijwkQ1A	5	1.0	0.16926794817384655
55	148	JnGb6NlPCzE	414.547	UC48DOiEvCDu3sThBijwkQ1A	5	1.0	0.16926794817384655
56	149	JnGb6NlPCzE	90.1901	UC48DOiEvCDu3sThBijwkQ1A	5	0.9830142708077034	0.16926794817384655
63	156	KxlNNRsqh6c	173.507	UC48DOiEvCDu3sThBijwkQ1A	16	0.9543662389734017	0.02999741906309757
64	158	KxlNNRsqh6c	85.0183	UC48DOiEvCDu3sThBijwkQ1A	-1	0.0	0.0
65	159	KxlNNRsqh6c	207.908	UC48DOiEvCDu3sThBijwkQ1A	5	1.0	0.16926794817384655
66	160	KxlNNRsqh6c	276.543	UC48DOiEvCDu3sThBijwkQ1A	5	1.0	0.16926794817384655
68	162	LG3feULrOKc	144.044	UC48DOiEvCDu3sThBijwkQ1A	1	1.0	0.0536680716111835
69	163	LG3feULrOKc	291.691	UC48DOiEvCDu3sThBijwkQ1A	5	1.0	0.16926794817384655
70	164	LG3feULrOKc	30.5305	UC48DOiEvCDu3sThBijwkQ1A	-1	0.0	0.0
77	171	M_DPKHhwzak	999.899	UC48DOiEvCDu3sThBijwkQ1A	5	1.0	0.16926794817384655
78	172	M_DPKHhwzak	52.419	UC48DOiEvCDu3sThBijwkQ1A	5	1.0	0.16926794817384655
79	173	N0fMJl-cJbE	66.2996	UC48DOiEvCDu3sThBijwkQ1A	-1	0.0	0.0
80	174	N0fMJl-cJbE	78.1781	UC48DOiEvCDu3sThBijwkQ1A	-1	0.0	0.0
81	175	N0fMJl-cJbE	120.12	UC48DOiEvCDu3sThBijwkQ1A	-1	0.0	0.0
82	176	N0fMJl-cJbE	83.2498	UC48DOiEvCDu3sThBijwkQ1A	6	0.9922777717877257	0.04186825568596376
83	177	N0fMJl-cJbE	76.3763	UC48DOiEvCDu3sThBijwkQ1A	5	1.0	0.16926794817384655
96	194	PGr4HYZM9-o	223.723	UC48DOiEvCDu3sThBijwkQ1A	5	1.0	0.16926794817384655
100	199	RDiV9OmR0E8	1416.31	UC48DOiEvCDu3sThBijwkQ1A	6	0.9318089068672304	0.04186825568596376
101	200	RDiV9OmR0E8	1906.1	UC48DOiEvCDu3sThBijwkQ1A	5	0.8363674463115539	0.16926794817384655
104	204	SsOhz9fnqjo	38.672	UC48DOiEvCDu3sThBijwkQ1A	6	0.9353368499437856	0.04186825568596376
105	205	SsOhz9fnqjo	138.872	UC48DOiEvCDu3sThBijwkQ1A	-1	0.0	0.0
106	206	SsOhz9fnqjo	552.318	UC48DOiEvCDu3sThBijwkQ1A	5	1.0	0.16926794817384655
107	207	SsOhz9fnqjo	61.1277	UC48DOiEvCDu3sThBijwkQ1A	5	0.9229524070206158	0.16926794817384655
108	208	Sw04dLc8tak	238.839	UC48DOiEvCDu3sThBijwkQ1A	5	1.0	0.16926794817384655
109	209	Sw04dLc8tak	130.163	UC48DOiEvCDu3sThBijwkQ1A	5	1.0	0.16926794817384655
110	210	UhlZm7qxOqI	418.451	UC48DOiEvCDu3sThBijwkQ1A	5	1.0	0.16926794817384655
111	211	UhlZm7qxOqI	40.4737	UC48DOiEvCDu3sThBijwkQ1A	16	1.0	0.02999741906309757
112	212	VdCChCSA-Q8	139.606	UC48DOiEvCDu3sThBijwkQ1A	5	1.0	0.16926794817384655
113	213	VdCChCSA-Q8	67.9012	UC48DOiEvCDu3sThBijwkQ1A	5	0.9488411229411043	0.16926794817384655
119	222	ZmzVK5CT_kw	72.706	UC48DOiEvCDu3sThBijwkQ1A	5	0.9879815750370764	0.16926794817384655
120	223	ZmzVK5CT_kw	948.681	UC48DOiEvCDu3sThBijwkQ1A	5	0.8185383658330831	0.16926794817384655
121	224	ZmzVK5CT_kw	332.632	UC48DOiEvCDu3sThBijwkQ1A	-1	0.0	0.0
27	113	bh1aCjpWtdc	845.044	UC48DOiEvCDu3sThBijwkQ1A	5	1.0	0.16926794817384655
28	114	bwczah5LcBw	1303.07	UC48DOiEvCDu3sThBijwkQ1A	5	1.0	0.16926794817384655
29	115	bwczah5LcBw	62.0954	UC48DOiEvCDu3sThBijwkQ1A	3	1.0	0.0
30	116	bwczah5LcBw	235.669	UC48DOiEvCDu3sThBijwkQ1A	3	1.0	0.0
33	119	d026Zr052gI	412.312	UC48DOiEvCDu3sThBijwkQ1A	5	1.0	0.16926794817384655
36	122	eDNJwuUKeMU	834.534	UC48DOiEvCDu3sThBijwkQ1A	5	1.0	0.16926794817384655
37	123	eDNJwuUKeMU	46.7467	UC48DOiEvCDu3sThBijwkQ1A	5	0.7530722237842903	0.16926794817384655
38	124	eGFYwCfr8_Y	681.681	UC48DOiEvCDu3sThBijwkQ1A	5	0.9134182282490629	0.16926794817384655
39	125	eGFYwCfr8_Y	190.824	UC48DOiEvCDu3sThBijwkQ1A	-1	0.0	0.0
40	126	eGFYwCfr8_Y	127.828	UC48DOiEvCDu3sThBijwkQ1A	-1	0.0	0.0
41	127	fCpWFmq4CpM	107.007	UC48DOiEvCDu3sThBijwkQ1A	6	1.0	0.04186825568596376
42	128	fCpWFmq4CpM	132.432	UC48DOiEvCDu3sThBijwkQ1A	16	0.9589924420895475	0.02999741906309757
43	129	fCpWFmq4CpM	52.3189	UC48DOiEvCDu3sThBijwkQ1A	-1	0.0	0.0
44	130	fCpWFmq4CpM	456.056	UC48DOiEvCDu3sThBijwkQ1A	5	1.0	0.16926794817384655
52	145	jHjaM6TpeMo	640.673	UC48DOiEvCDu3sThBijwkQ1A	5	0.9813142315911825	0.16926794817384655
53	146	jHjaM6TpeMo	33.2332	UC48DOiEvCDu3sThBijwkQ1A	-1	0.0	0.0
54	147	jHjaM6TpeMo	296.229	UC48DOiEvCDu3sThBijwkQ1A	6	0.9177457270075982	0.04186825568596376
57	150	jTgD3JxO6FQ	459.225	UC48DOiEvCDu3sThBijwkQ1A	1	1.0	0.0536680716111835
58	151	jTgD3JxO6FQ	269.77	UC48DOiEvCDu3sThBijwkQ1A	5	0.7538764321507596	0.16926794817384655
59	152	jTgD3JxO6FQ	618.551	UC48DOiEvCDu3sThBijwkQ1A	5	1.0	0.16926794817384655
50	141	jed7x96-lMc	389.222	UC48DOiEvCDu3sThBijwkQ1A	5	1.0	0.16926794817384655
51	144	jed7x96-lMc	51.0844	UC48DOiEvCDu3sThBijwkQ1A	-1	0.0	0.0
60	153	juvvfnoSZzM	286.353	UC48DOiEvCDu3sThBijwkQ1A	5	1.0	0.16926794817384655
61	154	juvvfnoSZzM	31.4981	UC48DOiEvCDu3sThBijwkQ1A	-1	0.0	0.0
62	155	juvvfnoSZzM	113.914	UC48DOiEvCDu3sThBijwkQ1A	-1	0.0	0.0
67	161	kwdhJ8MIYjA	1573.3	UC48DOiEvCDu3sThBijwkQ1A	5	0.9308033980037781	0.16926794817384655
71	165	m25ULaq3mSA	59.5929	UC48DOiEvCDu3sThBijwkQ1A	2	0.8372665996107842	0.06553036016089976
72	166	m25ULaq3mSA	53.8204	UC48DOiEvCDu3sThBijwkQ1A	6	1.0	0.04186825568596376
73	167	m25ULaq3mSA	127.661	UC48DOiEvCDu3sThBijwkQ1A	5	0.946364025762169	0.16926794817384655
74	168	m25ULaq3mSA	293.493	UC48DOiEvCDu3sThBijwkQ1A	5	1.0	0.16926794817384655
75	169	m25ULaq3mSA	58.1581	UC48DOiEvCDu3sThBijwkQ1A	5	0.8376964658124172	0.16926794817384655
76	170	m25ULaq3mSA	195.796	UC48DOiEvCDu3sThBijwkQ1A	5	1.0	0.16926794817384655
84	178	nY9cXLEiRB8	643.443	UC48DOiEvCDu3sThBijwkQ1A	-1	0.0	0.0
85	179	nY9cXLEiRB8	1106.71	UC48DOiEvCDu3sThBijwkQ1A	5	1.0	0.16926794817384655
86	180	n_omq4uukwI	893.326	UC48DOiEvCDu3sThBijwkQ1A	5	1.0	0.16926794817384655
87	181	n_omq4uukwI	229.863	UC48DOiEvCDu3sThBijwkQ1A	16	1.0	0.02999741906309757
88	182	n_omq4uukwI	166.833	UC48DOiEvCDu3sThBijwkQ1A	2	0.8158062152008961	0.06553036016089976
89	183	peatkRrZYqc	242.342	UC48DOiEvCDu3sThBijwkQ1A	1	1.0	0.0536680716111835
90	185	peatkRrZYqc	245.245	UC48DOiEvCDu3sThBijwkQ1A	-1	0.0	0.0
91	186	peatkRrZYqc	488.888	UC48DOiEvCDu3sThBijwkQ1A	5	1.0	0.16926794817384655
92	188	peatkRrZYqc	74.6745	UC48DOiEvCDu3sThBijwkQ1A	16	1.0	0.02999741906309757
93	190	pgAn_CZRRFk	93.2917	UC48DOiEvCDu3sThBijwkQ1A	5	1.0	0.16926794817384655
94	191	pgAn_CZRRFk	95.0	UC48DOiEvCDu3sThBijwkQ1A	5	1.0	0.16926794817384655
95	192	pgAn_CZRRFk	363.0	UC48DOiEvCDu3sThBijwkQ1A	5	1.0	0.16926794817384655
97	196	q52WpRL7UZU	107.274	UC48DOiEvCDu3sThBijwkQ1A	-1	0.0	0.0
98	197	q52WpRL7UZU	75.6756	UC48DOiEvCDu3sThBijwkQ1A	5	1.0	0.16926794817384655
99	198	q52WpRL7UZU	955.855	UC48DOiEvCDu3sThBijwkQ1A	5	1.0	0.16926794817384655
102	201	sKCemQNKoBc	449.149	UC48DOiEvCDu3sThBijwkQ1A	5	1.0	0.16926794817384655
103	202	sKCemQNKoBc	247.214	UC48DOiEvCDu3sThBijwkQ1A	5	1.0	0.16926794817384655
114	215	xhYC2ylAek8	244.144	UC48DOiEvCDu3sThBijwkQ1A	5	1.0	0.16926794817384655
115	216	xue2bQTJDc4	507.874	UC48DOiEvCDu3sThBijwkQ1A	5	1.0	0.16926794817384655
116	218	y7sC6beiuqQ	64.6646	UC48DOiEvCDu3sThBijwkQ1A	6	0.9384753233594307	0.04186825568596376
117	219	y7sC6beiuqQ	89.0556	UC48DOiEvCDu3sThBijwkQ1A	5	1.0	0.16926794817384655
118	221	y7sC6beiuqQ	241.741	UC48DOiEvCDu3sThBijwkQ1A	5	1.0	0.16926794817384655
122	225	-HHUAFkcC7w	1014.78	UC4qk9TtGhBKCkoWz5qGJcGg	11	1.0	0.18429214490646073
123	226	-HHUAFkcC7w	178.645	UC4qk9TtGhBKCkoWz5qGJcGg	15	1.0	0.00012647443088438813
124	227	-HHUAFkcC7w	749.949	UC4qk9TtGhBKCkoWz5qGJcGg	-1	0.0	0.0
125	228	-HHUAFkcC7w	899.432	UC4qk9TtGhBKCkoWz5qGJcGg	17	1.0	0.01653362757129278
126	229	-HHUAFkcC7w	891.491	UC4qk9TtGhBKCkoWz5qGJcGg	17	1.0	0.01653362757129278
127	230	-HHUAFkcC7w	863.062	UC4qk9TtGhBKCkoWz5qGJcGg	-1	0.0	0.0
128	231	-HHUAFkcC7w	254.02	UC4qk9TtGhBKCkoWz5qGJcGg	17	1.0	0.01653362757129278
129	232	-HHUAFkcC7w	293.26	UC4qk9TtGhBKCkoWz5qGJcGg	-1	0.0	0.0
130	233	-W0Du80k6Tw	1110.84	UC4qk9TtGhBKCkoWz5qGJcGg	11	1.0	0.18429214490646073
131	234	-W0Du80k6Tw	214.981	UC4qk9TtGhBKCkoWz5qGJcGg	16	1.0	0.02999741906309757
132	235	0vDit1-xArA	255.755	UC4qk9TtGhBKCkoWz5qGJcGg	11	1.0	0.18429214490646073
133	236	0vDit1-xArA	164.131	UC4qk9TtGhBKCkoWz5qGJcGg	11	1.0	0.18429214490646073
135	240	2jcP8iQ9gh0	219.019	UC4qk9TtGhBKCkoWz5qGJcGg	15	1.0	0.00012647443088438813
136	241	2jcP8iQ9gh0	1283.32	UC4qk9TtGhBKCkoWz5qGJcGg	11	0.9872005472510405	0.18429214490646073
137	242	2jcP8iQ9gh0	146.813	UC4qk9TtGhBKCkoWz5qGJcGg	-1	0.0	0.0
134	238	4N2Ioxs5_Gc	86.1861	UC4qk9TtGhBKCkoWz5qGJcGg	11	0.8609711658770169	0.18429214490646073
138	243	5EBdps7VBxQ	876.209	UC4qk9TtGhBKCkoWz5qGJcGg	11	0.9681026218535195	0.18429214490646073
139	244	5EBdps7VBxQ	84.1507	UC4qk9TtGhBKCkoWz5qGJcGg	-1	0.0	0.0
140	245	5V8JvuEGt4A	108.475	UC4qk9TtGhBKCkoWz5qGJcGg	11	0.9895493070164353	0.18429214490646073
141	246	5V8JvuEGt4A	130.63	UC4qk9TtGhBKCkoWz5qGJcGg	11	1.0	0.18429214490646073
142	247	5V8JvuEGt4A	120.821	UC4qk9TtGhBKCkoWz5qGJcGg	11	1.0	0.18429214490646073
143	248	5V8JvuEGt4A	194.628	UC4qk9TtGhBKCkoWz5qGJcGg	11	1.0	0.18429214490646073
144	249	5wUTkDvArgM	131.264	UC4qk9TtGhBKCkoWz5qGJcGg	16	0.9523222817248765	0.02999741906309757
145	250	5wUTkDvArgM	881.748	UC4qk9TtGhBKCkoWz5qGJcGg	11	1.0	0.18429214490646073
146	253	7D12PyLbPyk	927.827	UC4qk9TtGhBKCkoWz5qGJcGg	11	1.0	0.18429214490646073
147	254	7D12PyLbPyk	52.6192	UC4qk9TtGhBKCkoWz5qGJcGg	11	0.9770450711563938	0.18429214490646073
148	255	7qoHzsgB96A	244.745	UC4qk9TtGhBKCkoWz5qGJcGg	11	1.0	0.18429214490646073
149	256	7qoHzsgB96A	75.442	UC4qk9TtGhBKCkoWz5qGJcGg	11	1.0	0.18429214490646073
150	257	8njP7cl15gs	1225.56	UC4qk9TtGhBKCkoWz5qGJcGg	11	1.0	0.18429214490646073
151	258	8njP7cl15gs	387.387	UC4qk9TtGhBKCkoWz5qGJcGg	16	0.9671040014715665	0.02999741906309757
152	259	9xXZymInT18	326.459	UC4qk9TtGhBKCkoWz5qGJcGg	-1	0.0	0.0
153	260	9xXZymInT18	1061.23	UC4qk9TtGhBKCkoWz5qGJcGg	12	0.9005179206732999	0.10008410395151433
154	261	9xXZymInT18	270.904	UC4qk9TtGhBKCkoWz5qGJcGg	11	0.8369659998392206	0.18429214490646073
155	262	9xxhPJl0hgM	1115.11	UC4qk9TtGhBKCkoWz5qGJcGg	12	1.0	0.10008410395151433
156	263	9xxhPJl0hgM	929.195	UC4qk9TtGhBKCkoWz5qGJcGg	11	0.9675059733322947	0.18429214490646073
157	264	B-07l4N1X-Y	1258.26	UC4qk9TtGhBKCkoWz5qGJcGg	11	1.0	0.18429214490646073
158	265	BPZmP--5Tys	62.5291	UC4qk9TtGhBKCkoWz5qGJcGg	11	0.9109639620071043	0.18429214490646073
159	266	BPZmP--5Tys	367.3	UC4qk9TtGhBKCkoWz5qGJcGg	11	1.0	0.18429214490646073
160	267	BPZmP--5Tys	113.914	UC4qk9TtGhBKCkoWz5qGJcGg	11	0.9926976863774395	0.18429214490646073
166	273	DyhxMtI5tPA	1632.63	UC4qk9TtGhBKCkoWz5qGJcGg	11	0.9065497356630355	0.18429214490646073
167	274	DyhxMtI5tPA	821.954	UC4qk9TtGhBKCkoWz5qGJcGg	2	0.825204844636817	0.06553036016089976
177	284	EWc-Bde6pK4	244.945	UC4qk9TtGhBKCkoWz5qGJcGg	-1	0.0	0.0
178	285	EWc-Bde6pK4	1251.52	UC4qk9TtGhBKCkoWz5qGJcGg	11	1.0	0.18429214490646073
179	286	EWc-Bde6pK4	1353.02	UC4qk9TtGhBKCkoWz5qGJcGg	-1	0.0	0.0
180	287	GWC4SEedZkU	1295.86	UC4qk9TtGhBKCkoWz5qGJcGg	11	1.0	0.18429214490646073
181	288	GWC4SEedZkU	329.896	UC4qk9TtGhBKCkoWz5qGJcGg	-1	0.0	0.0
182	289	HSABKnKaOI0	1285.12	UC4qk9TtGhBKCkoWz5qGJcGg	11	1.0	0.18429214490646073
183	290	HSABKnKaOI0	389.589	UC4qk9TtGhBKCkoWz5qGJcGg	16	0.9499195705889943	0.02999741906309757
184	291	KQH72sePP1I	1427.93	UC4qk9TtGhBKCkoWz5qGJcGg	11	1.0	0.18429214490646073
185	292	KQH72sePP1I	330.063	UC4qk9TtGhBKCkoWz5qGJcGg	16	0.9534944162084378	0.02999741906309757
186	293	LmJtgA0WQs4	1592.32	UC4qk9TtGhBKCkoWz5qGJcGg	11	1.0	0.18429214490646073
187	294	LmJtgA0WQs4	335.302	UC4qk9TtGhBKCkoWz5qGJcGg	-1	0.0	0.0
196	304	MpNovpGdNX8	221.521	UC4qk9TtGhBKCkoWz5qGJcGg	11	1.0	0.18429214490646073
204	312	OBgV0XvbZ50	695.094	UC4qk9TtGhBKCkoWz5qGJcGg	11	1.0	0.18429214490646073
205	315	QcS5ku6VIpo	1336.03	UC4qk9TtGhBKCkoWz5qGJcGg	11	1.0	0.18429214490646073
206	316	QcS5ku6VIpo	382.249	UC4qk9TtGhBKCkoWz5qGJcGg	-1	0.0	0.0
211	321	R3h-TOKolGA	1479.44	UC4qk9TtGhBKCkoWz5qGJcGg	11	0.9766772053142011	0.18429214490646073
212	322	R3h-TOKolGA	1154.79	UC4qk9TtGhBKCkoWz5qGJcGg	-1	0.0	0.0
219	331	S6wNoGAl25M	235.168	UC4qk9TtGhBKCkoWz5qGJcGg	11	1.0	0.18429214490646073
220	332	S6wNoGAl25M	538.471	UC4qk9TtGhBKCkoWz5qGJcGg	11	0.9292456210482385	0.18429214490646073
221	333	TewludhMfVA	1314.88	UC4qk9TtGhBKCkoWz5qGJcGg	11	0.9570404669845864	0.18429214490646073
222	334	TewludhMfVA	1187.95	UC4qk9TtGhBKCkoWz5qGJcGg	0	1.0	0.2886609397224831
223	335	TnitUbgrQug	922.722	UC4qk9TtGhBKCkoWz5qGJcGg	11	1.0	0.18429214490646073
224	336	TnitUbgrQug	185.452	UC4qk9TtGhBKCkoWz5qGJcGg	16	1.0	0.02999741906309757
225	337	Vm0T7MfYOoE	1267.4	UC4qk9TtGhBKCkoWz5qGJcGg	11	0.8713280286145663	0.18429214490646073
231	343	ZoXmUifOb4s	78.4534	UC4qk9TtGhBKCkoWz5qGJcGg	16	0.9523661091730123	0.02999741906309757
232	344	ZoXmUifOb4s	101.852	UC4qk9TtGhBKCkoWz5qGJcGg	-1	0.0	0.0
233	345	ZoXmUifOb4s	41.4581	UC4qk9TtGhBKCkoWz5qGJcGg	11	0.7914992337214348	0.18429214490646073
234	346	__dAOWwcmAE	1392.16	UC4qk9TtGhBKCkoWz5qGJcGg	0	1.0	0.2886609397224831
235	347	__dAOWwcmAE	1296.46	UC4qk9TtGhBKCkoWz5qGJcGg	11	0.9957815028097495	0.18429214490646073
165	272	cZh8CHMeX7Y	1297.36	UC4qk9TtGhBKCkoWz5qGJcGg	11	1.0	0.18429214490646073
161	268	cikF0wG-3bo	107.24	UC4qk9TtGhBKCkoWz5qGJcGg	16	1.0	0.02999741906309757
162	269	cikF0wG-3bo	44.0774	UC4qk9TtGhBKCkoWz5qGJcGg	-1	0.0	0.0
163	270	cikF0wG-3bo	1246.75	UC4qk9TtGhBKCkoWz5qGJcGg	11	1.0	0.18429214490646073
164	271	cikF0wG-3bo	1432.43	UC4qk9TtGhBKCkoWz5qGJcGg	12	1.0	0.10008410395151433
172	279	eMq4mTDCPh8	808.474	UC4qk9TtGhBKCkoWz5qGJcGg	11	1.0	0.18429214490646073
173	280	ePWzQVILOKw	1614.31	UC4qk9TtGhBKCkoWz5qGJcGg	11	1.0	0.18429214490646073
174	281	ePWzQVILOKw	485.752	UC4qk9TtGhBKCkoWz5qGJcGg	16	0.9671582126773928	0.02999741906309757
168	275	eaycj_KAm7Q	329.362	UC4qk9TtGhBKCkoWz5qGJcGg	-1	0.0	0.0
169	276	eaycj_KAm7Q	70.2702	UC4qk9TtGhBKCkoWz5qGJcGg	-1	0.0	0.0
170	277	eaycj_KAm7Q	675.341	UC4qk9TtGhBKCkoWz5qGJcGg	12	0.9941383322637917	0.10008410395151433
171	278	eaycj_KAm7Q	1122.49	UC4qk9TtGhBKCkoWz5qGJcGg	11	0.9941388840316184	0.18429214490646073
175	282	fzZnawHitMQ	1026.63	UC4qk9TtGhBKCkoWz5qGJcGg	11	1.0	0.18429214490646073
176	283	fzZnawHitMQ	227.027	UC4qk9TtGhBKCkoWz5qGJcGg	-1	0.0	0.0
188	295	lMjVEQAoEvs	338.338	UC4qk9TtGhBKCkoWz5qGJcGg	11	1.0	0.18429214490646073
189	296	lMjVEQAoEvs	351.852	UC4qk9TtGhBKCkoWz5qGJcGg	11	1.0	0.18429214490646073
190	297	m97ITC113H4	331.364	UC4qk9TtGhBKCkoWz5qGJcGg	16	1.0	0.02999741906309757
191	298	m97ITC113H4	625.325	UC4qk9TtGhBKCkoWz5qGJcGg	-1	0.0	0.0
192	300	m97ITC113H4	1034.73	UC4qk9TtGhBKCkoWz5qGJcGg	11	0.9601109515128197	0.18429214490646073
193	301	mke06cOAyCs	246.813	UC4qk9TtGhBKCkoWz5qGJcGg	16	0.980676389546994	0.02999741906309757
194	302	mke06cOAyCs	796.496	UC4qk9TtGhBKCkoWz5qGJcGg	11	0.9299999953850934	0.18429214490646073
195	303	mke06cOAyCs	115.115	UC4qk9TtGhBKCkoWz5qGJcGg	-1	0.0	0.0
197	305	nG2xJkFQRAQ	248.915	UC4qk9TtGhBKCkoWz5qGJcGg	-1	0.0	0.0
198	306	nG2xJkFQRAQ	1257.06	UC4qk9TtGhBKCkoWz5qGJcGg	11	1.0	0.18429214490646073
199	307	nqQ9a90ChUY	209.943	UC4qk9TtGhBKCkoWz5qGJcGg	15	1.0	0.00012647443088438813
200	308	nqQ9a90ChUY	983.649	UC4qk9TtGhBKCkoWz5qGJcGg	11	0.9868112819778393	0.18429214490646073
201	309	nqQ9a90ChUY	98.098	UC4qk9TtGhBKCkoWz5qGJcGg	10	1.0	0.0
202	310	nzR2zoCkb38	1195.89	UC4qk9TtGhBKCkoWz5qGJcGg	11	1.0	0.18429214490646073
203	311	nzR2zoCkb38	203.403	UC4qk9TtGhBKCkoWz5qGJcGg	16	1.0	0.02999741906309757
207	317	qlP2Y2-S4to	1671.77	UC4qk9TtGhBKCkoWz5qGJcGg	11	1.0	0.18429214490646073
208	318	qlP2Y2-S4to	412.512	UC4qk9TtGhBKCkoWz5qGJcGg	16	1.0	0.02999741906309757
209	319	r9bPUqgI67c	1182.98	UC4qk9TtGhBKCkoWz5qGJcGg	11	1.0	0.18429214490646073
210	320	r9bPUqgI67c	217.584	UC4qk9TtGhBKCkoWz5qGJcGg	16	1.0	0.02999741906309757
215	326	rN4nJ6QFKSI	109.009	UC4qk9TtGhBKCkoWz5qGJcGg	-1	0.0	0.0
216	328	rN4nJ6QFKSI	1065.9	UC4qk9TtGhBKCkoWz5qGJcGg	-1	0.0	0.0
217	329	rN4nJ6QFKSI	961.794	UC4qk9TtGhBKCkoWz5qGJcGg	11	0.9489596428854821	0.18429214490646073
218	330	rN4nJ6QFKSI	68.6686	UC4qk9TtGhBKCkoWz5qGJcGg	10	1.0	0.0
213	324	rjKAXoUdAdU	592.525	UC4qk9TtGhBKCkoWz5qGJcGg	11	1.0	0.18429214490646073
214	325	rjKAXoUdAdU	115.082	UC4qk9TtGhBKCkoWz5qGJcGg	11	0.9264248176914678	0.18429214490646073
226	338	wNtAne6s8-c	1078.81	UC4qk9TtGhBKCkoWz5qGJcGg	11	1.0	0.18429214490646073
227	339	xxnH3VPHMGg	584.818	UC4qk9TtGhBKCkoWz5qGJcGg	0	1.0	0.2886609397224831
228	340	zcqD8icoz4Q	125.525	UC4qk9TtGhBKCkoWz5qGJcGg	11	1.0	0.18429214490646073
229	341	zcqD8icoz4Q	154.421	UC4qk9TtGhBKCkoWz5qGJcGg	11	1.0	0.18429214490646073
230	342	zcqD8icoz4Q	263.997	UC4qk9TtGhBKCkoWz5qGJcGg	11	0.936198174023716	0.18429214490646073
236	348	-PaHJXvDaxI	509.091	UC6EmI2r6XBGXBS70XFnyMhw	8	1.0	0.06631117803633667
237	350	-Uzv6CeMfuw	133.4	UC6EmI2r6XBGXBS70XFnyMhw	16	1.0	0.02999741906309757
238	351	-Uzv6CeMfuw	415.649	UC6EmI2r6XBGXBS70XFnyMhw	8	1.0	0.06631117803633667
239	353	2PXQfK5iUn0	512.245	UC6EmI2r6XBGXBS70XFnyMhw	8	1.0	0.06631117803633667
240	354	2PXQfK5iUn0	68.1681	UC6EmI2r6XBGXBS70XFnyMhw	-1	0.0	0.0
241	355	2PXQfK5iUn0	87.3206	UC6EmI2r6XBGXBS70XFnyMhw	2	1.0	0.06553036016089976
243	357	2V18Ga2Y0ws	334.967	UC6EmI2r6XBGXBS70XFnyMhw	8	1.0	0.06631117803633667
242	356	3GomA_Wq8Ew	96.1	UC6EmI2r6XBGXBS70XFnyMhw	8	1.0	0.06631117803633667
244	359	6YQlkTisEjI	77.7443	UC6EmI2r6XBGXBS70XFnyMhw	-1	0.0	0.0
245	361	6YQlkTisEjI	157.199	UC6EmI2r6XBGXBS70XFnyMhw	8	1.0	0.06631117803633667
247	369	9Vj3tgP5_RA	437.971	UC6EmI2r6XBGXBS70XFnyMhw	8	1.0	0.06631117803633667
246	364	9pghcjLOnwM	589.797	UC6EmI2r6XBGXBS70XFnyMhw	8	1.0	0.06631117803633667
248	371	A8E___u7Av0	579.212	UC6EmI2r6XBGXBS70XFnyMhw	8	1.0	0.06631117803633667
249	372	A8ZNvAP9W-U	134.009	UC6EmI2r6XBGXBS70XFnyMhw	16	0.9424610696479497	0.02999741906309757
250	373	A8ZNvAP9W-U	36.2028	UC6EmI2r6XBGXBS70XFnyMhw	-1	0.0	0.0
251	375	A8ZNvAP9W-U	287.996	UC6EmI2r6XBGXBS70XFnyMhw	2	1.0	0.06553036016089976
252	378	A8ZNvAP9W-U	254.337	UC6EmI2r6XBGXBS70XFnyMhw	8	1.0	0.06631117803633667
253	379	AvVXIoWVgqA	349.6	UC6EmI2r6XBGXBS70XFnyMhw	8	1.0	0.06631117803633667
254	384	C4tQm6qQ-q8	353.519	UC6EmI2r6XBGXBS70XFnyMhw	8	1.0	0.06631117803633667
255	386	C4tQm6qQ-q8	34.7013	UC6EmI2r6XBGXBS70XFnyMhw	8	1.0	0.06631117803633667
258	399	FNCRT9Mt5UY	272.3	UC6EmI2r6XBGXBS70XFnyMhw	8	1.0	0.06631117803633667
259	400	FNCRT9Mt5UY	170.4	UC6EmI2r6XBGXBS70XFnyMhw	16	0.9653101710549759	0.02999741906309757
260	401	GyerltLmGVk	54.5667	UC6EmI2r6XBGXBS70XFnyMhw	8	1.0	0.06631117803633667
261	402	GyerltLmGVk	61.4667	UC6EmI2r6XBGXBS70XFnyMhw	-1	0.0	0.0
276	448	IQZjZ6m2G0I	491.4	UC6EmI2r6XBGXBS70XFnyMhw	8	1.0	0.06631117803633667
277	450	IQZjZ6m2G0I	32.0	UC6EmI2r6XBGXBS70XFnyMhw	8	1.0	0.06631117803633667
278	451	IQZjZ6m2G0I	51.7	UC6EmI2r6XBGXBS70XFnyMhw	8	1.0	0.06631117803633667
272	442	IiWTadfZkSE	63.7302	UC6EmI2r6XBGXBS70XFnyMhw	8	1.0	0.06631117803633667
273	444	IiWTadfZkSE	30.3636	UC6EmI2r6XBGXBS70XFnyMhw	8	0.9116781660632759	0.06631117803633667
274	446	IiWTadfZkSE	73.8236	UC6EmI2r6XBGXBS70XFnyMhw	8	1.0	0.06631117803633667
275	447	IiWTadfZkSE	95.2617	UC6EmI2r6XBGXBS70XFnyMhw	8	1.0	0.06631117803633667
279	460	J0TrlzMrhGA	82.5158	UC6EmI2r6XBGXBS70XFnyMhw	8	1.0	0.06631117803633667
280	463	J0TrlzMrhGA	111.678	UC6EmI2r6XBGXBS70XFnyMhw	8	1.0	0.06631117803633667
284	470	JRs73Heh_9w	358.525	UC6EmI2r6XBGXBS70XFnyMhw	8	0.9998081053842545	0.06631117803633667
281	465	JnfspW_6C0g	52.2522	UC6EmI2r6XBGXBS70XFnyMhw	8	1.0	0.06631117803633667
282	468	JnfspW_6C0g	89.8564	UC6EmI2r6XBGXBS70XFnyMhw	8	1.0	0.06631117803633667
283	469	JnfspW_6C0g	33.8004	UC6EmI2r6XBGXBS70XFnyMhw	8	1.0	0.06631117803633667
285	472	L6sQnk8lyoU	181.833	UC6EmI2r6XBGXBS70XFnyMhw	8	1.0	0.06631117803633667
286	473	L6sQnk8lyoU	220.7	UC6EmI2r6XBGXBS70XFnyMhw	8	1.0	0.06631117803633667
287	474	LL389hRDV2U	70.4667	UC6EmI2r6XBGXBS70XFnyMhw	-1	0.0	0.0
288	476	LL389hRDV2U	92.9333	UC6EmI2r6XBGXBS70XFnyMhw	8	1.0	0.06631117803633667
299	489	NJkJC2VpdfQ	835.802	UC6EmI2r6XBGXBS70XFnyMhw	8	1.0	0.06631117803633667
297	486	NdQdGpo4_v4	246.68	UC6EmI2r6XBGXBS70XFnyMhw	8	1.0	0.06631117803633667
298	488	NdQdGpo4_v4	62.8294	UC6EmI2r6XBGXBS70XFnyMhw	8	1.0	0.06631117803633667
301	493	OIK7ZDHAYfo	405.989	UC6EmI2r6XBGXBS70XFnyMhw	8	1.0	0.06631117803633667
302	503	Oj192WHYysA	39.1641	UC6EmI2r6XBGXBS70XFnyMhw	8	1.0	0.06631117803633667
303	507	OwldPiuyjUc	100.225	UC6EmI2r6XBGXBS70XFnyMhw	-1	0.0	0.0
304	508	OwldPiuyjUc	532.49	UC6EmI2r6XBGXBS70XFnyMhw	8	1.0	0.06631117803633667
305	512	PGw_Ia_oKx0	41.9667	UC6EmI2r6XBGXBS70XFnyMhw	8	1.0	0.06631117803633667
306	521	RtJR9RAegyE	37.1204	UC6EmI2r6XBGXBS70XFnyMhw	8	1.0	0.06631117803633667
307	523	RtJR9RAegyE	39.3726	UC6EmI2r6XBGXBS70XFnyMhw	8	1.0	0.06631117803633667
308	524	RtJR9RAegyE	34.2008	UC6EmI2r6XBGXBS70XFnyMhw	8	1.0	0.06631117803633667
316	537	XAkgJk0f-io	242.7	UC6EmI2r6XBGXBS70XFnyMhw	8	0.9360295823139493	0.06631117803633667
325	560	YXbEebaTMAE	552.853	UC6EmI2r6XBGXBS70XFnyMhw	8	1.0	0.06631117803633667
326	561	YXbEebaTMAE	245.012	UC6EmI2r6XBGXBS70XFnyMhw	8	1.0	0.06631117803633667
257	392	e-GQalbmeRc	230.73	UC6EmI2r6XBGXBS70XFnyMhw	8	1.0	0.06631117803633667
256	387	e_e3tGokl08	71.3211	UC6EmI2r6XBGXBS70XFnyMhw	8	1.0	0.06631117803633667
262	420	h-R1h3tHo4I	32.04	UC6EmI2r6XBGXBS70XFnyMhw	8	1.0	0.06631117803633667
263	428	hTzrObg7pQc	229.396	UC6EmI2r6XBGXBS70XFnyMhw	8	1.0	0.06631117803633667
264	429	hTzrObg7pQc	144.352	UC6EmI2r6XBGXBS70XFnyMhw	16	1.0	0.02999741906309757
265	430	hTzrObg7pQc	176.468	UC6EmI2r6XBGXBS70XFnyMhw	-1	0.0	0.0
271	436	hYzRIucc5XU	859.65	UC6EmI2r6XBGXBS70XFnyMhw	8	1.0	0.06631117803633667
266	431	htL2eszoOYc	146.48	UC6EmI2r6XBGXBS70XFnyMhw	-1	0.0	0.0
267	432	htL2eszoOYc	72.2388	UC6EmI2r6XBGXBS70XFnyMhw	2	1.0	0.06553036016089976
268	433	htL2eszoOYc	72.8644	UC6EmI2r6XBGXBS70XFnyMhw	-1	0.0	0.0
269	434	htL2eszoOYc	689.23	UC6EmI2r6XBGXBS70XFnyMhw	8	1.0	0.06631117803633667
270	435	i7jJhYDDm-0	1021.15	UC6EmI2r6XBGXBS70XFnyMhw	8	1.0	0.06631117803633667
289	478	luSUL-kV7vU	664.533	UC6EmI2r6XBGXBS70XFnyMhw	8	1.0	0.06631117803633667
290	479	luSUL-kV7vU	75.4333	UC6EmI2r6XBGXBS70XFnyMhw	-1	0.0	0.0
291	480	luSUL-kV7vU	112.9	UC6EmI2r6XBGXBS70XFnyMhw	16	1.0	0.02999741906309757
292	481	luSUL-kV7vU	41.6333	UC6EmI2r6XBGXBS70XFnyMhw	16	1.0	0.02999741906309757
293	482	luSUL-kV7vU	111.933	UC6EmI2r6XBGXBS70XFnyMhw	16	1.0	0.02999741906309757
296	485	mA1A7G2K4BY	1908.61	UC6EmI2r6XBGXBS70XFnyMhw	8	1.0	0.06631117803633667
294	483	mBMbZVBCS8I	68.9689	UC6EmI2r6XBGXBS70XFnyMhw	8	1.0	0.06631117803633667
295	484	mBMbZVBCS8I	114.648	UC6EmI2r6XBGXBS70XFnyMhw	-1	0.0	0.0
300	490	ogC1XQjBUfE	92.5	UC6EmI2r6XBGXBS70XFnyMhw	8	1.0	0.06631117803633667
309	529	v3afAdL2-X0	36.0333	UC6EmI2r6XBGXBS70XFnyMhw	9	1.0	0.0009237009001045399
310	531	v3afAdL2-X0	436.267	UC6EmI2r6XBGXBS70XFnyMhw	8	0.8911879468871078	0.06631117803633667
311	532	v3afAdL2-X0	59.4	UC6EmI2r6XBGXBS70XFnyMhw	8	1.0	0.06631117803633667
312	533	v3afAdL2-X0	387.0	UC6EmI2r6XBGXBS70XFnyMhw	9	1.0	0.0009237009001045399
313	534	v3afAdL2-X0	45.8333	UC6EmI2r6XBGXBS70XFnyMhw	-1	0.0	0.0
314	535	vV-NSXl3LLs	793.733	UC6EmI2r6XBGXBS70XFnyMhw	8	1.0	0.06631117803633667
315	536	vV-NSXl3LLs	125.833	UC6EmI2r6XBGXBS70XFnyMhw	16	1.0	0.02999741906309757
317	544	xWnFY8dxTQs	63.6886	UC6EmI2r6XBGXBS70XFnyMhw	-1	0.0	0.0
318	545	xWnFY8dxTQs	96.3462	UC6EmI2r6XBGXBS70XFnyMhw	-1	0.0	0.0
319	546	xWnFY8dxTQs	260.218	UC6EmI2r6XBGXBS70XFnyMhw	16	0.9469773554284957	0.02999741906309757
320	548	xWnFY8dxTQs	53.8454	UC6EmI2r6XBGXBS70XFnyMhw	-1	0.0	0.0
321	550	xWnFY8dxTQs	76.3262	UC6EmI2r6XBGXBS70XFnyMhw	8	1.0	0.06631117803633667
322	555	yovxw_o2-5c	32.9913	UC6EmI2r6XBGXBS70XFnyMhw	8	1.0	0.06631117803633667
323	556	0Isgu88YqTM	30.322	UC6iEWYfIORiis3TSYOJJMEQ	-1	0.0	0.0
324	557	0Isgu88YqTM	157.991	UC6iEWYfIORiis3TSYOJJMEQ	7	0.9490900648409777	0.06770886032734945
328	566	1ZIkjGiVx3Q	165.932	UC6iEWYfIORiis3TSYOJJMEQ	7	0.8683450540809021	0.06770886032734945
327	562	1sRf0Ge2vjk	150.617	UC6iEWYfIORiis3TSYOJJMEQ	7	0.920191175841349	0.06770886032734945
330	581	2tnttI2B10w	54.2759	UC6iEWYfIORiis3TSYOJJMEQ	7	0.9770781481952048	0.06770886032734945
329	579	3VwJH2_vw50	300.034	UC6iEWYfIORiis3TSYOJJMEQ	7	0.9070626680438723	0.06770886032734945
331	583	4y42I2bzAec	228.428	UC6iEWYfIORiis3TSYOJJMEQ	7	0.9409199541863278	0.06770886032734945
332	584	4y42I2bzAec	192.926	UC6iEWYfIORiis3TSYOJJMEQ	-1	0.0	0.0
333	586	7U7tFgtFZiw	450.216	UC6iEWYfIORiis3TSYOJJMEQ	-1	0.0	0.0
334	587	7U7tFgtFZiw	47.4807	UC6iEWYfIORiis3TSYOJJMEQ	7	0.922781019793167	0.06770886032734945
335	588	7U7tFgtFZiw	59.2591	UC6iEWYfIORiis3TSYOJJMEQ	4	1.0	0.028566905501000977
336	589	7U7tFgtFZiw	42.9095	UC6iEWYfIORiis3TSYOJJMEQ	-1	0.0	0.0
337	590	7U7tFgtFZiw	76.3428	UC6iEWYfIORiis3TSYOJJMEQ	4	1.0	0.028566905501000977
338	591	7U7tFgtFZiw	87.5207	UC6iEWYfIORiis3TSYOJJMEQ	4	1.0	0.028566905501000977
339	599	8dN4kXFH0iM	71.8051	UC6iEWYfIORiis3TSYOJJMEQ	7	1.0	0.06770886032734945
344	612	A0aTtgQg3P0	33.0747	UC6iEWYfIORiis3TSYOJJMEQ	7	1.0	0.06770886032734945
345	613	A0aTtgQg3P0	55.5972	UC6iEWYfIORiis3TSYOJJMEQ	7	1.0	0.06770886032734945
346	623	CFxFyHT1vDk	36.0026	UC6iEWYfIORiis3TSYOJJMEQ	-1	0.0	0.0
347	624	CFxFyHT1vDk	184.251	UC6iEWYfIORiis3TSYOJJMEQ	7	0.8989625989840155	0.06770886032734945
348	629	CMtd-rJcE1k	266.379	UC6iEWYfIORiis3TSYOJJMEQ	7	0.8711086327241324	0.06770886032734945
349	633	GGIy5nsdGnM	153.783	UC6iEWYfIORiis3TSYOJJMEQ	7	0.9412653075529561	0.06770886032734945
350	634	GGIy5nsdGnM	43.8696	UC6iEWYfIORiis3TSYOJJMEQ	-1	0.0	0.0
355	642	HfqdOKPZEOM	527.6	UC6iEWYfIORiis3TSYOJJMEQ	7	0.9318022517750321	0.06770886032734945
356	643	HfqdOKPZEOM	117.08	UC6iEWYfIORiis3TSYOJJMEQ	-1	0.0	0.0
364	656	J1ywCGutPiY	57.0236	UC6iEWYfIORiis3TSYOJJMEQ	-1	0.0	0.0
365	657	J1ywCGutPiY	114.381	UC6iEWYfIORiis3TSYOJJMEQ	7	0.9731534090836413	0.06770886032734945
366	658	J1ywCGutPiY	154.554	UC6iEWYfIORiis3TSYOJJMEQ	7	0.9372682604606751	0.06770886032734945
367	662	J2IMjlySemU	51.5515	UC6iEWYfIORiis3TSYOJJMEQ	7	1.0	0.06770886032734945
369	671	JtDpIz59SJw	55.8224	UC6iEWYfIORiis3TSYOJJMEQ	7	0.9534400779817525	0.06770886032734945
373	678	L7l3me-E08M	125.225	UC6iEWYfIORiis3TSYOJJMEQ	-1	0.0	0.0
377	690	O4leRhZbGFk	66.3997	UC6iEWYfIORiis3TSYOJJMEQ	-1	0.0	0.0
378	692	O4leRhZbGFk	74.9499	UC6iEWYfIORiis3TSYOJJMEQ	7	0.9409349880122054	0.06770886032734945
379	693	OdSPTAFCHcA	181.431	UC6iEWYfIORiis3TSYOJJMEQ	7	0.9862623287868624	0.06770886032734945
380	709	Sk3vhVGQK1Y	74.783	UC6iEWYfIORiis3TSYOJJMEQ	16	1.0	0.02999741906309757
381	720	TDDgMsESIlU	72.8728	UC6iEWYfIORiis3TSYOJJMEQ	-1	0.0	0.0
382	721	TDDgMsESIlU	33.7337	UC6iEWYfIORiis3TSYOJJMEQ	7	0.8551552590918291	0.06770886032734945
383	722	TDDgMsESIlU	33.1998	UC6iEWYfIORiis3TSYOJJMEQ	7	0.8550207299189639	0.06770886032734945
387	731	VSDa9u453gs	192.993	UC6iEWYfIORiis3TSYOJJMEQ	7	0.9781693340577441	0.06770886032734945
388	732	WBOjeANTcxw	42.9427	UC6iEWYfIORiis3TSYOJJMEQ	-1	0.0	0.0
394	746	WotBn9dKH0A	200.133	UC6iEWYfIORiis3TSYOJJMEQ	7	0.9727747975708184	0.06770886032734945
395	758	XN0a_xJlUDY	166.333	UC6iEWYfIORiis3TSYOJJMEQ	-1	0.0	0.0
396	760	Y1OJ1ZC_wEQ	654.32	UC6iEWYfIORiis3TSYOJJMEQ	7	0.9895690244571822	0.06770886032734945
397	761	Y5q_eyuhLP8	345.637	UC6iEWYfIORiis3TSYOJJMEQ	7	1.0	0.06770886032734945
399	771	YGb-wgmm9ik	169.803	UC6iEWYfIORiis3TSYOJJMEQ	7	1.0	0.06770886032734945
398	769	ZaiX1DoGC-U	114.586	UC6iEWYfIORiis3TSYOJJMEQ	7	1.0	0.06770886032734945
340	601	a-0yYrE2_1U	210.444	UC6iEWYfIORiis3TSYOJJMEQ	7	0.9902669389613568	0.06770886032734945
341	602	a-0yYrE2_1U	215.115	UC6iEWYfIORiis3TSYOJJMEQ	7	1.0	0.06770886032734945
342	605	a-n8DHCJLso	32.931	UC6iEWYfIORiis3TSYOJJMEQ	7	0.9616367546778412	0.06770886032734945
343	606	a-n8DHCJLso	57.3448	UC6iEWYfIORiis3TSYOJJMEQ	7	0.9388277351899365	0.06770886032734945
351	636	gMcs9Bk8kW4	52.1188	UC6iEWYfIORiis3TSYOJJMEQ	-1	0.0	0.0
353	640	gZNSinnXj6M	49.1157	UC6iEWYfIORiis3TSYOJJMEQ	-1	0.0	0.0
354	641	gZNSinnXj6M	431.264	UC6iEWYfIORiis3TSYOJJMEQ	7	1.0	0.06770886032734945
352	637	gyyqkRQW1wc	247.28	UC6iEWYfIORiis3TSYOJJMEQ	-1	0.0	0.0
357	644	hNmYgxRBhP4	896.862	UC6iEWYfIORiis3TSYOJJMEQ	7	0.952046814593425	0.06770886032734945
358	645	hNmYgxRBhP4	174.483	UC6iEWYfIORiis3TSYOJJMEQ	14	1.0	0.0805243315266753
359	646	hNmYgxRBhP4	232.966	UC6iEWYfIORiis3TSYOJJMEQ	14	1.0	0.0805243315266753
360	647	hNmYgxRBhP4	198.793	UC6iEWYfIORiis3TSYOJJMEQ	14	1.0	0.0805243315266753
361	649	i09DLdpxAxA	33.9005	UC6iEWYfIORiis3TSYOJJMEQ	7	0.9268557810745662	0.06770886032734945
362	652	i09DLdpxAxA	63.1297	UC6iEWYfIORiis3TSYOJJMEQ	7	0.9534400779817525	0.06770886032734945
363	653	i09DLdpxAxA	68.2348	UC6iEWYfIORiis3TSYOJJMEQ	7	0.876928676348481	0.06770886032734945
368	665	j4zqrbKGWu0	46.5798	UC6iEWYfIORiis3TSYOJJMEQ	7	0.8701019291587679	0.06770886032734945
370	672	jUCpkT3fRgw	32.9996	UC6iEWYfIORiis3TSYOJJMEQ	8	0.8912323574356729	0.06631117803633667
371	674	jUCpkT3fRgw	116.183	UC6iEWYfIORiis3TSYOJJMEQ	7	1.0	0.06770886032734945
372	675	k5XDHjzjlZo	148.615	UC6iEWYfIORiis3TSYOJJMEQ	7	0.9078067122393699	0.06770886032734945
374	680	lugA-UKHO0k	39.7897	UC6iEWYfIORiis3TSYOJJMEQ	7	0.9185704812963486	0.06770886032734945
375	681	lugA-UKHO0k	31.031	UC6iEWYfIORiis3TSYOJJMEQ	7	0.8704141370311028	0.06770886032734945
376	686	moqaeGgye9k	37.5375	UC6iEWYfIORiis3TSYOJJMEQ	7	0.8885462432028474	0.06770886032734945
384	725	tewEbaPNvEI	169.569	UC6iEWYfIORiis3TSYOJJMEQ	7	0.986427687296602	0.06770886032734945
385	729	uPNW9qO3Y2M	51.4514	UC6iEWYfIORiis3TSYOJJMEQ	16	1.0	0.02999741906309757
386	730	uPNW9qO3Y2M	161.561	UC6iEWYfIORiis3TSYOJJMEQ	7	1.0	0.06770886032734945
389	735	wBTNcA_IhoQ	70.5038	UC6iEWYfIORiis3TSYOJJMEQ	7	0.8885462432028474	0.06770886032734945
390	736	wBTNcA_IhoQ	100.5	UC6iEWYfIORiis3TSYOJJMEQ	7	0.9015663222975875	0.06770886032734945
391	738	wcyskX62ADg	110.243	UC6iEWYfIORiis3TSYOJJMEQ	16	0.9363909180264284	0.02999741906309757
392	740	wcyskX62ADg	77.3106	UC6iEWYfIORiis3TSYOJJMEQ	7	0.890483366616652	0.06770886032734945
393	743	wcyskX62ADg	34.6012	UC6iEWYfIORiis3TSYOJJMEQ	7	0.9818492293166261	0.06770886032734945
402	775	13lTL6vtGuo	31.7317	UC6jgzx2g3nlbaYkd8EMweKA	-1	0.0	0.0
403	776	13lTL6vtGuo	46.413	UC6jgzx2g3nlbaYkd8EMweKA	-1	0.0	0.0
404	780	13lTL6vtGuo	174.274	UC6jgzx2g3nlbaYkd8EMweKA	-1	0.0	0.0
405	781	13lTL6vtGuo	93.46	UC6jgzx2g3nlbaYkd8EMweKA	13	0.8062475555732869	0.12378090111427496
406	782	13lTL6vtGuo	62.2288	UC6jgzx2g3nlbaYkd8EMweKA	-1	0.0	0.0
400	773	2ChGG_FA1Q4	1575.12	UC6jgzx2g3nlbaYkd8EMweKA	13	1.0	0.12378090111427496
401	774	2ChGG_FA1Q4	115.583	UC6jgzx2g3nlbaYkd8EMweKA	16	0.9607624429291937	0.02999741906309757
415	792	2zMTRWZMJ-w	832.699	UC6jgzx2g3nlbaYkd8EMweKA	13	1.0	0.12378090111427496
407	784	4AxgEQLFaRg	553.083	UC6jgzx2g3nlbaYkd8EMweKA	13	0.9997027570630322	0.12378090111427496
408	785	4AxgEQLFaRg	102.083	UC6jgzx2g3nlbaYkd8EMweKA	-1	0.0	0.0
409	786	4AxgEQLFaRg	85.5833	UC6jgzx2g3nlbaYkd8EMweKA	-1	0.0	0.0
410	787	4AxgEQLFaRg	167.417	UC6jgzx2g3nlbaYkd8EMweKA	-1	0.0	0.0
411	788	4AxgEQLFaRg	39.2083	UC6jgzx2g3nlbaYkd8EMweKA	-1	0.0	0.0
412	789	4AxgEQLFaRg	45.7083	UC6jgzx2g3nlbaYkd8EMweKA	-1	0.0	0.0
413	790	4AxgEQLFaRg	126.167	UC6jgzx2g3nlbaYkd8EMweKA	-1	0.0	0.0
414	791	4AxgEQLFaRg	42.4583	UC6jgzx2g3nlbaYkd8EMweKA	-1	0.0	0.0
416	793	4l2QlMjtIcU	558.6	UC6jgzx2g3nlbaYkd8EMweKA	13	0.8872740499010916	0.12378090111427496
417	794	4l2QlMjtIcU	570.32	UC6jgzx2g3nlbaYkd8EMweKA	-1	0.0	0.0
418	795	54FMEGrh6oY	324.375	UC6jgzx2g3nlbaYkd8EMweKA	13	1.0	0.12378090111427496
419	796	54FMEGrh6oY	527.125	UC6jgzx2g3nlbaYkd8EMweKA	13	1.0	0.12378090111427496
422	799	7K8f2fr0Uwo	1124.58	UC6jgzx2g3nlbaYkd8EMweKA	13	1.0	0.12378090111427496
420	797	7zuz2LDf2Z8	1192.79	UC6jgzx2g3nlbaYkd8EMweKA	13	0.9117556590150864	0.12378090111427496
421	798	7zuz2LDf2Z8	352.083	UC6jgzx2g3nlbaYkd8EMweKA	16	0.9563451354045424	0.02999741906309757
423	800	9G4iSJBf6QQ	560.026	UC6jgzx2g3nlbaYkd8EMweKA	-1	0.0	0.0
424	801	9G4iSJBf6QQ	50.0166	UC6jgzx2g3nlbaYkd8EMweKA	-1	0.0	0.0
425	802	9uXBxymz-Do	82.0153	UC6jgzx2g3nlbaYkd8EMweKA	13	1.0	0.12378090111427496
426	803	9uXBxymz-Do	37.5041	UC6jgzx2g3nlbaYkd8EMweKA	13	1.0	0.12378090111427496
427	804	9uXBxymz-Do	689.355	UC6jgzx2g3nlbaYkd8EMweKA	13	0.9990044923276572	0.12378090111427496
428	805	Ai3ihiY55uA	1548.42	UC6jgzx2g3nlbaYkd8EMweKA	13	0.9779202881881695	0.12378090111427496
429	806	Ai3ihiY55uA	154.125	UC6jgzx2g3nlbaYkd8EMweKA	-1	0.0	0.0
442	821	CnQTN_-mW7U	462.542	UC6jgzx2g3nlbaYkd8EMweKA	13	0.9906567627508466	0.12378090111427496
443	822	CnQTN_-mW7U	683.583	UC6jgzx2g3nlbaYkd8EMweKA	13	1.0	0.12378090111427496
444	823	E21eL9W7fVg	239.139	UC6jgzx2g3nlbaYkd8EMweKA	13	1.0	0.12378090111427496
445	824	E21eL9W7fVg	259.559	UC6jgzx2g3nlbaYkd8EMweKA	13	1.0	0.12378090111427496
431	808	aPsvFqYY1ik	578.792	UC6jgzx2g3nlbaYkd8EMweKA	13	0.9962650469850116	0.12378090111427496
430	807	akuGzIdj0rs	884.884	UC6jgzx2g3nlbaYkd8EMweKA	13	1.0	0.12378090111427496
432	809	bSC7jeIgV14	448.882	UC6jgzx2g3nlbaYkd8EMweKA	13	1.0	0.12378090111427496
433	812	bSC7jeIgV14	31.5982	UC6jgzx2g3nlbaYkd8EMweKA	-1	0.0	0.0
434	813	bSC7jeIgV14	53.7537	UC6jgzx2g3nlbaYkd8EMweKA	-1	0.0	0.0
435	814	bSC7jeIgV14	37.6376	UC6jgzx2g3nlbaYkd8EMweKA	17	0.9949263337755856	0.01653362757129278
436	815	bSC7jeIgV14	36.1027	UC6jgzx2g3nlbaYkd8EMweKA	17	1.0	0.01653362757129278
437	816	bXBAmbnsWQc	1206.37	UC6jgzx2g3nlbaYkd8EMweKA	13	0.9676068460632099	0.12378090111427496
438	817	bXBAmbnsWQc	288.755	UC6jgzx2g3nlbaYkd8EMweKA	16	0.9525046135512937	0.02999741906309757
439	818	c6fTe7t3WPU	734.434	UC6jgzx2g3nlbaYkd8EMweKA	13	1.0	0.12378090111427496
440	819	cyh_JcPk8ZE	632.125	UC6jgzx2g3nlbaYkd8EMweKA	13	0.8573068587224152	0.12378090111427496
441	820	cyh_JcPk8ZE	192.583	UC6jgzx2g3nlbaYkd8EMweKA	16	1.0	0.02999741906309757
446	825	cyi7azcBDig	39.0417	UC6jgzx2g3nlbaYkd8EMweKA	-1	0.0	0.0
447	826	cyi7azcBDig	664.75	UC6jgzx2g3nlbaYkd8EMweKA	13	0.9291124900407703	0.12378090111427496
448	827	cyi7azcBDig	339.417	UC6jgzx2g3nlbaYkd8EMweKA	13	1.0	0.12378090111427496
451	830	eZbT3TzcSq8	37.75	UC6jgzx2g3nlbaYkd8EMweKA	-1	0.0	0.0
452	831	eZbT3TzcSq8	49.4167	UC6jgzx2g3nlbaYkd8EMweKA	-1	0.0	0.0
453	832	eZbT3TzcSq8	69.125	UC6jgzx2g3nlbaYkd8EMweKA	-1	0.0	0.0
454	834	eZbT3TzcSq8	95.9583	UC6jgzx2g3nlbaYkd8EMweKA	-1	0.0	0.0
455	835	eZbT3TzcSq8	214.208	UC6jgzx2g3nlbaYkd8EMweKA	-1	0.0	0.0
456	836	eZbT3TzcSq8	490.333	UC6jgzx2g3nlbaYkd8EMweKA	-1	0.0	0.0
449	828	fPFMPnnwBVQ	2077.29	UC6jgzx2g3nlbaYkd8EMweKA	13	0.9568262895255175	0.12378090111427496
450	829	fPFMPnnwBVQ	586.667	UC6jgzx2g3nlbaYkd8EMweKA	16	0.9781387445069984	0.02999741906309757
