	id	videoID	feature	duration	label
0	1	1tAZLvOZHS4	"[[-0.01389922  0.00152124 -0.01813411 ...  0.00490076 -0.01218965
   0.00901372]
 [-0.00234751  0.00625873 -0.01025576 ... -0.00155634  0.03402022
   0.01063791]
 [-0.01450065  0.00487641 -0.01912315 ...  0.01348138  0.00734124
   0.00732222]
 ...
 [-0.02442716  0.00014174 -0.01627121 ... -0.00494483 -0.00061449
   0.00630398]
 [-0.0221179  -0.00860941 -0.02421469 ...  0.01480229 -0.03516842
   0.00420264]
 [-0.0334628   0.00180388 -0.01619144 ...  0.0022191  -0.04022821
   0.0082642 ]]"	132.332	-1
1	2	_fS7RFY5hi0	"[[ 0.00271596 -0.03803639  0.04887007 ...  0.01537442  0.07483891
   0.01910864]
 [ 0.00129638 -0.0408572   0.04312918 ...  0.0131709   0.07519858
   0.01845094]
 [-0.00696346 -0.03591546  0.03304766 ...  0.00654545  0.02834817
   0.01883094]
 ...
 [ 0.00291752 -0.03474957  0.02867649 ... -0.0041534   0.04940571
   0.01738449]
 [-0.00483569 -0.02461444 -0.00123419 ... -0.00289076 -0.01573089
   0.00674022]
 [-0.01377065 -0.02462579  0.01322699 ...  0.00353675  0.00635888
   0.01771016]]"	151.685	-1
2	3	_fS7RFY5hi0	"[[-0.00808165 -0.00905234 -0.0097421  ... -0.00223476  0.04433293
   0.01032281]
 [-0.01176937  0.00820982 -0.01563934 ...  0.0093467   0.06697363
   0.00982559]
 [-0.01795782  0.00396401 -0.00453574 ...  0.00406129 -0.00473448
   0.01068208]
 ...
 [-0.00826422 -0.01199142 -0.0014539  ... -0.00056237  0.00991398
   0.00565797]
 [-0.01103736  0.00781426 -0.00055582 ...  0.00545674  0.00053876
  -0.00037704]
 [-0.01730646 -0.01557171  0.01542145 ...  0.00594695 -0.00421751
   0.00802911]]"	47.047	-1
3	4	0z9CNAVg6jk	"[[-0.03291892 -0.00307264 -0.01376032 ... -0.00024821  0.00075988
   0.01224783]
 [-0.02618229 -0.00567206 -0.01356355 ...  0.00690942  0.00958078
   0.00600896]
 [-0.02739486  0.00052915 -0.01386375 ...  0.01164425  0.00636258
   0.00770263]
 ...
 [-0.02375472 -0.00109595 -0.01781875 ...  0.00669435  0.04929996
   0.00934838]
 [-0.02010251 -0.01684291 -0.01280261 ... -0.01565004  0.02306637
   0.01805432]
 [-0.0214985  -0.01195086 -0.00393445 ... -0.015765   -0.00960119
   0.01888671]]"	261.461	-1
4	5	0z9CNAVg6jk	"[[-0.0060882   0.00861     0.00524489 ...  0.01451975 -0.02188829
   0.00257837]
 [-0.00876439 -0.01915494  0.01019171 ...  0.0122104  -0.02536422
   0.00408557]
 [ 0.00148169 -0.01045583  0.00937208 ...  0.00540701  0.00381724
  -0.00191281]
 ...
 [ 0.00419563 -0.01565145  0.00827242 ... -0.0055623   0.01865311
   0.00301261]
 [-0.00356725  0.01055456  0.01688758 ...  0.01770343  0.00685893
   0.01141874]
 [-0.00900597 -0.00228602 -0.00166604 ...  0.00789079  0.0119811
  -0.00582311]]"	72.072	-1
5	6	1ynOm1JN_BY	"[[-0.01498149 -0.00355574 -0.0009348  ... -0.01074055 -0.03934278
   0.01223863]
 [-0.01775225  0.00535844 -0.01603461 ...  0.00445016  0.00493522
   0.00936285]
 [-0.02145044  0.00062152 -0.00859531 ... -0.0021718   0.01906881
  -0.00698377]
 ...
 [-0.01803418  0.01293245 -0.01064622 ...  0.0172994   0.01702921
   0.00575745]
 [-0.02703057  0.01038581 -0.00623534 ...  0.01698352  0.03365449
   0.00089202]
 [-0.01790713  0.00741216 -0.00113403 ...  0.01136562  0.00640379
   0.00403917]]"	630.53	0
6	8	34E-Xoj2NQw	"[[-0.02502215 -0.01892292 -0.02652234 ...  0.02691111 -0.00479781
  -0.00319749]
 [-0.02376861 -0.02148012 -0.02627288 ...  0.0158197   0.00945019
  -0.00208876]
 [-0.0239546  -0.01936199 -0.02507076 ...  0.00642493 -0.00519364
   0.00030667]
 ...
 [-0.02264299 -0.01205877 -0.02535148 ...  0.02287214  0.03814701
  -0.00323793]
 [-0.02572235 -0.01430602 -0.01845525 ...  0.02476259 -0.0047065
  -0.00341713]
 [-0.02558793 -0.01365098 -0.02503668 ...  0.02090338 -0.02595147
  -0.00411461]]"	94.6279	1
7	9	34E-Xoj2NQw	"[[-0.03095966 -0.01641592 -0.02179936 ...  0.02377046 -0.02805565
   0.00591672]
 [-0.03111384 -0.01621673 -0.02009971 ...  0.02427328 -0.03678448
   0.00737754]
 [-0.02865044 -0.01306104 -0.01896406 ...  0.03125073 -0.04746096
  -0.00188327]
 ...
 [-0.0387748  -0.00807381 -0.02298792 ...  0.01286261 -0.03905923
   0.00252695]
 [-0.03352165 -0.01631903 -0.01497196 ...  0.01374791 -0.04796019
   0.00062375]
 [-0.02884021  0.00049509 -0.01630696 ...  0.02694592  0.01807461
   0.01060762]]"	49.049	1
8	10	34E-Xoj2NQw	"[[-0.04128577  0.00373867 -0.02009986 ...  0.02962403 -0.0195893
   0.00356373]
 [-0.03818457  0.0019401  -0.01288511 ...  0.02148964 -0.00938306
   0.00156044]
 [-0.03900531 -0.00428137 -0.02091001 ...  0.03082151 -0.01504838
   0.00301203]
 ...
 [-0.03738318  0.0046185  -0.01636616 ...  0.02813456 -0.00011192
   0.00771129]
 [-0.0364547  -0.00652268 -0.01830294 ...  0.02926401 -0.00894743
   0.00923596]
 [-0.03501891 -0.00273767 -0.01018454 ...  0.04737605 -0.0180031
   0.00525525]]"	48.1147	0
9	11	472QFGi71kA	"[[-0.02437101 -0.00581105 -0.02011633 ...  0.00661048  0.00347366
   0.01264718]
 [-0.02172314 -0.01966324 -0.01653105 ... -0.00283279 -0.02489752
   0.01218654]
 [-0.02594878 -0.01528603 -0.01479779 ... -0.00609065 -0.0522936
   0.01006662]
 ...
 [-0.0230427  -0.01204127 -0.02136549 ...  0.0005316   0.05672828
   0.01099337]
 [-0.0268971  -0.00151058 -0.02498671 ...  0.02410365  0.04790166
   0.01146906]
 [-0.03113619 -0.01088643 -0.02609739 ...  0.00525324 -0.00059536
   0.01112113]]"	293.293	-1
10	12	472QFGi71kA	"[[ 0.00232903 -0.00768338 -0.00133378 ... -0.01966435  0.08149277
  -0.01918888]
 [-0.0024836  -0.01366319  0.0028492  ...  0.00703651  0.04681081
  -0.02293041]
 [-0.00311582 -0.01486849  0.01028083 ... -0.01230528  0.04733367
  -0.01873988]
 ...
 [-0.00739044 -0.02284563  0.0184445  ... -0.02600111  0.07714354
  -0.00715883]
 [ 0.0080986  -0.00425397 -0.00012662 ... -0.01536591  0.05583609
  -0.01172223]
 [-0.01620557 -0.01137374  0.02404419 ...  0.01841676  0.04841632
   0.00238786]]"	99.0656	-1
11	13	aICLJMyGvFY	"[[-0.01502056  0.00571242 -0.01156604 ...  0.00663401  0.07261743
   0.00925978]
 [-0.02938697 -0.00594589 -0.00830493 ...  0.00952019  0.00311526
   0.01113989]
 [-0.02643305 -0.00146464 -0.00787647 ... -0.00791471 -0.03746925
   0.00076967]
 ...
 [-0.02898929 -0.00809138 -0.02153268 ...  0.0118013  -0.02280805
   0.00622162]
 [-0.02995172 -0.0055906  -0.01134039 ... -0.0029285  -0.04203732
   0.00489628]
 [-0.03268449 -0.00851864 -0.01219456 ...  0.00381926 -0.05073274
   0.00205695]]"	924.757	0
12	14	8d7eFVTLlbU	"[[-0.01798248  0.04003988 -0.0048329  ...  0.01153136  0.02685514
  -0.02558679]
 [-0.01477453  0.03828727 -0.00203255 ...  0.02159546  0.00262847
  -0.02648155]
 [-0.01371801  0.04108584 -0.00250004 ...  0.0172571   0.01727036
  -0.02915458]
 ...
 [ 0.00219642  0.0254454   0.00839168 ...  0.00633045 -0.05135349
  -0.00470971]
 [ 0.0108006   0.02457597  0.00580727 ...  0.01434299 -0.04631248
  -0.01360242]
 [ 0.00548323  0.02621576  0.0034507  ...  0.01330427 -0.04784068
  -0.00739335]]"	31.8318	-1
13	15	8d7eFVTLlbU	"[[ 0.00772406 -0.00718607  0.0081446  ... -0.00074201 -0.00431863
   0.00181898]
 [ 0.01088231  0.00055905  0.00424844 ...  0.0036574   0.01765687
  -0.00102462]
 [ 0.00507237 -0.01126205  0.00732211 ...  0.00861005 -0.00102932
  -0.00010714]
 ...
 [ 0.00364265 -0.01689965  0.0122895  ...  0.00673678  0.01766346
   0.00195157]
 [-0.00380608 -0.01681706  0.00544175 ... -0.00596504 -0.02127434
  -0.00547431]
 [ 0.00989109 -0.02271403  0.00902336 ... -0.00420212  0.03937807
   0.00041868]]"	45.7123	-1
14	16	8d7eFVTLlbU	"[[ 0.02561192 -0.01322919 -0.00531066 ...  0.02801122  0.05644011
  -0.00327869]
 [ 0.02066566 -0.01185183 -0.01237329 ...  0.02513784  0.0618969
   0.00280662]
 [ 0.01606848 -0.01372207 -0.00567921 ...  0.03219551  0.02121347
  -0.0015152 ]
 ...
 [ 0.00927344 -0.01167039 -0.0006556  ...  0.02120136  0.00508996
  -0.0058353 ]
 [ 0.00206965 -0.01164331 -0.00280042 ...  0.00680106  0.05074291
  -0.00497021]
 [ 0.00058547 -0.00454476 -0.00176378 ...  0.00544356  0.05944313
  -0.00211959]]"	37.8044	-1
15	18	8d7eFVTLlbU	"[[-0.01962017 -0.00590921 -0.00157918 ...  0.00784544  0.04479115
   0.00854287]
 [-0.01644306 -0.00796937 -0.00569535 ...  0.00956428  0.03636572
   0.01058949]
 [-0.01733137 -0.00517203 -0.00449291 ...  0.0114409   0.05367258
   0.00822497]
 ...
 [-0.01948377 -0.00398099 -0.00561496 ...  0.00404756  0.01699759
   0.0110793 ]
 [-0.01796369 -0.00596696 -0.00458444 ...  0.00663363  0.00258421
   0.00497704]
 [-0.02518107 -0.00394187  0.00299801 ...  0.00585375  0.03310766
   0.01131593]]"	35.8358	-1
16	19	8d7eFVTLlbU	"[[-1.2428710e-02 -3.4684436e-03  1.3173961e-02 ...  1.5613669e-02
   1.7055742e-02  1.1099265e-02]
 [-1.8697822e-02 -4.8539713e-03  1.8136984e-02 ...  2.6010009e-02
  -6.8630201e-05  2.5577408e-03]
 [-6.0302075e-03 -7.2882222e-03  1.2947456e-02 ...  1.8795725e-02
   5.1058265e-03  5.9084818e-03]
 ...
 [-4.8750481e-03 -1.0719830e-02  1.2730889e-02 ...  1.5397625e-02
   2.6925273e-02  2.6889222e-03]
 [ 1.0256389e-03 -1.5675845e-02  5.6817774e-03 ...  1.8669803e-02
   9.8049073e-03  6.6247880e-03]
 [-5.1328070e-03 -5.3959745e-03  1.0834171e-02 ...  1.2998387e-02
   2.8125072e-02  8.5404277e-04]]"	33.8338	-1
17	20	8d7eFVTLlbU	"[[-3.7898642e-03 -3.0757322e-03  6.8345478e-05 ...  4.7906698e-04
  -5.8573246e-02  3.6701353e-03]
 [-4.9301302e-03 -2.2988722e-03  4.9062176e-03 ...  5.4210108e-05
  -4.4044804e-02  3.9475509e-03]
 [-4.8243193e-04 -3.9144922e-03 -1.5343787e-04 ...  5.1958971e-03
  -5.2300617e-02  5.2931667e-03]
 ...
 [ 1.3109586e-03 -4.8820614e-03 -5.9073500e-04 ... -7.6145417e-04
  -2.3202520e-02  5.0994251e-03]
 [ 2.3518021e-03  5.1968629e-03 -5.9445447e-04 ...  2.0895773e-04
  -4.4144802e-02  5.5345767e-03]
 [ 2.2550076e-03  5.5240928e-03  3.1623832e-04 ...  3.4099719e-03
  -2.6717601e-02  6.1015496e-03]]"	59.3593	-1
18	21	8d7eFVTLlbU	"[[-0.02961995 -0.00972665 -0.01342311 ...  0.00792234 -0.03596079
   0.00706693]
 [-0.02539924 -0.00572146 -0.00923558 ...  0.0004126  -0.04247288
   0.00290935]
 [-0.02570796 -0.00605098 -0.01645521 ...  0.01071765 -0.03859821
   0.00267762]
 ...
 [-0.01971186  0.00436082  0.00165225 ...  0.0138687  -0.01964617
  -0.01145102]
 [-0.03174357 -0.00620035 -0.01336413 ...  0.0103158  -0.00911708
   0.00082364]
 [-0.03122289 -0.00815953 -0.02723146 ...  0.01244627  0.010131
   0.00418796]]"	1287.85	0
19	23	8d7eFVTLlbU	"[[-0.02554102 -0.00796697 -0.00785672 ... -0.01062457 -0.00886901
   0.00414683]
 [-0.02439748 -0.00587104 -0.01038643 ... -0.00528413  0.01522757
   0.00482709]
 [-0.02504624 -0.00678514 -0.00955028 ... -0.01001884  0.01562854
   0.00544521]
 ...
 [-0.02246844 -0.00559862 -0.00751327 ... -0.00929904  0.00644738
   0.00644664]
 [-0.02531395 -0.01040901 -0.0109573  ... -0.00510654  0.01870001
   0.0039533 ]
 [-0.02500288 -0.00647064 -0.01063342 ... -0.00172415  0.00370423
   0.00517244]]"	47.7811	-1
20	24	8d7eFVTLlbU	"[[-0.00946465 -0.00909571 -0.00528604 ... -0.00056071 -0.03628201
   0.01055187]
 [-0.01002634 -0.01047689 -0.00426938 ... -0.00364883 -0.03894074
   0.01136176]
 [-0.00966672 -0.01056819 -0.00365081 ... -0.00606366 -0.03508753
   0.01186362]
 ...
 [-0.00037478 -0.01847875 -0.0097703  ...  0.00741252  0.02151036
   0.00680574]
 [ 0.00176819 -0.00990987 -0.00477421 ...  0.01690453  0.0067251
   0.00859941]
 [ 0.00411186 -0.01692939 -0.00534342 ...  0.01807221  0.0139552
   0.01100726]]"	49.7831	-1
21	25	8d7eFVTLlbU	"[[-0.03188817 -0.00205121 -0.00309732 ...  0.01409234 -0.04161425
  -0.00261263]
 [-0.03179446 -0.00972623  0.00195307 ...  0.01736986 -0.04412537
   0.00157508]
 [-0.03368594 -0.00691694 -0.00038195 ...  0.01907843 -0.04284684
  -0.00195735]
 ...
 [-0.0356272  -0.0218517   0.00124917 ...  0.01352398 -0.03284159
   0.00275914]
 [-0.01967156 -0.01619469 -0.00656053 ...  0.01989418 -0.02829199
   0.00516521]
 [-0.03189915 -0.03267643  0.01339262 ...  0.01271362 -0.00832278
   0.00868265]]"	43.5769	-1
22	26	8d7eFVTLlbU	"[[ 0.00395017 -0.00859625 -0.00468331 ... -0.01635878  0.02808665
   0.00676746]
 [ 0.00541963 -0.00642266 -0.00515162 ... -0.01760928  0.02706895
   0.00950731]
 [ 0.00567071 -0.00950342 -0.00335708 ... -0.01620872  0.02702601
   0.0083553 ]
 ...
 [ 0.00877037 -0.01784329  0.0009636  ... -0.01276071  0.03843159
   0.00221733]
 [ 0.00777468 -0.01247098  0.00856349 ... -0.00833895  0.03587266
  -0.00076671]
 [-0.00695327 -0.02551523 -0.0008604  ... -0.00614406  0.00467691
   0.00459146]]"	59.2926	-1
23	27	8d7eFVTLlbU	"[[-0.00376276  0.00045767  0.00220622 ... -0.01483458  0.05929824
   0.00479747]
 [-0.00474624  0.00052565  0.00092786 ... -0.01310741  0.05066748
   0.0053825 ]
 [-0.00410292 -0.00059653 -0.0026585  ... -0.01503129  0.0362552
   0.00568767]
 ...
 [-0.00683343 -0.01445861 -0.00890573 ... -0.01415941 -0.0091492
   0.00648926]
 [-0.01308323 -0.0131546  -0.01129277 ... -0.01921713 -0.00937534
   0.00489429]
 [-0.01238547 -0.0077598  -0.00563404 ... -0.01411068  0.00052978
   0.00771753]]"	101.034	-1
24	28	8d7eFVTLlbU	"[[-0.00574944 -0.02748282 -0.00114848 ...  0.00168666 -0.01388727
   0.0168761 ]
 [-0.00736231 -0.02791791  0.00311423 ...  0.00139912 -0.0193863
   0.01930785]
 [-0.00617548 -0.02890447 -0.00084614 ...  0.00665622 -0.01549689
   0.01782595]
 ...
 [-0.01328413 -0.03403807  0.00885156 ...  0.00175994  0.00826379
   0.02228595]
 [-0.00678872 -0.03176832  0.0060108  ...  0.00302091 -0.01946014
   0.01777304]
 [-0.01002376 -0.03284602  0.00566933 ... -0.00473133 -0.00539385
   0.02312845]]"	65.2986	-1
25	29	8d7eFVTLlbU	"[[-0.02344619 -0.00812788 -0.00862809 ...  0.00454533 -0.00692813
   0.00630945]
 [-0.02420957 -0.0114763  -0.00449448 ...  0.00763629 -0.0109544
   0.00521806]
 [-0.02107217 -0.00629634 -0.00220349 ...  0.00924538 -0.00049666
   0.00295536]
 ...
 [-0.02395467 -0.01450692 -0.00464622 ...  0.01069498 -0.00648805
   0.00600426]
 [-0.01738708 -0.00139136 -0.00326513 ...  0.00727844  0.0032964
   0.00665526]
 [-0.02420445 -0.01169057  0.00043297 ...  0.00365853 -0.00827095
   0.01034356]]"	49.7497	-1
26	31	8d7eFVTLlbU	"[[-0.00916943 -0.0188506  -0.00434118 ...  0.00809755 -0.05561896
   0.00918871]
 [-0.00742028 -0.02099253 -0.00355635 ...  0.00223225 -0.06582214
   0.00981244]
 [-0.01181302 -0.01732566 -0.00195312 ...  0.00889539 -0.05221557
   0.00761208]
 ...
 [-0.01086545 -0.02339136 -0.00496164 ...  0.01490349 -0.06225204
   0.0019926 ]
 [-0.00758137 -0.01466141 -0.00043494 ...  0.00398242 -0.06229107
   0.00076703]
 [-0.00047931 -0.0133941   0.00244131 ... -0.01659334 -0.06705489
  -0.00145614]]"	82.5491	-1
27	32	bsoRbUiTd0A	"[[-0.01980992 -0.01736817 -0.02189171 ... -0.0057024  -0.05254233
   0.00540033]
 [-0.00815916 -0.01646305 -0.01991672 ... -0.0004047   0.0039423
   0.0079313 ]
 [-0.01449647 -0.01254838 -0.02588141 ... -0.00066953 -0.0560311
   0.00415375]
 ...
 [-0.02383189 -0.01316718 -0.01717455 ...  0.01496315 -0.03792956
   0.00129608]
 [-0.00425453 -0.01037625 -0.01173    ... -0.00742947 -0.01938214
   0.00439993]
 [-0.01953842 -0.01200873 -0.01765656 ... -0.00997635 -0.00095001
   0.00371002]]"	260.293	-1
28	34	AtiSFub9C6s	"[[-0.02409071 -0.01800901 -0.00563851 ... -0.00062514 -0.02301793
  -0.00075885]
 [-0.02072917 -0.00894906 -0.02214229 ...  0.01040056  0.01251701
   0.00848762]
 [-0.03250983 -0.01143072 -0.01546052 ...  0.00424079  0.00018358
   0.00368572]
 ...
 [-0.03316985 -0.00195542 -0.00853997 ...  0.00662119 -0.03102399
   0.01612248]
 [-0.02316728  0.011391   -0.0185256  ...  0.02699709  0.0191399
   0.01332686]
 [-0.0295748  -0.01033586 -0.01142803 ...  0.00787267  0.04361572
   0.00711786]]"	134.234	-1
29	35	AtiSFub9C6s	"[[-0.03225788 -0.00905975 -0.01743504 ... -0.00033036 -0.00548862
   0.00659287]
 [-0.02762322 -0.00345807 -0.0202196  ...  0.00674217  0.02938043
   0.00985259]
 [-0.02729766 -0.00612436 -0.02657656 ...  0.00885114  0.00635213
   0.00620073]
 ...
 [-0.03405541 -0.00200225  0.00138724 ... -0.00312922 -0.05231758
  -0.00708244]
 [-0.03688979 -0.00708071 -0.01177323 ...  0.00372433 -0.06623641
   0.01366742]
 [-0.02996202 -0.00451589  0.00546427 ...  0.00427155  0.02947678
  -0.00024432]]"	291.458	-1
30	36	AtiSFub9C6s	"[[-0.0303804   0.01115671 -0.02371498 ...  0.02308021 -0.04257829
   0.00116961]
 [-0.02932308  0.0118463  -0.0163379  ...  0.00855199 -0.06772595
   0.00054923]
 [-0.02843217  0.01910648 -0.02373533 ...  0.01998354 -0.03752794
   0.00505812]
 ...
 [-0.02780952  0.00954114 -0.00775548 ...  0.00952221 -0.02462387
  -0.00539679]
 [-0.03109056  0.00746177 -0.02848571 ...  0.00777356  0.02161366
   0.0143337 ]
 [-0.02163997  0.00293653 -0.01682581 ...  0.01954249 -0.01113129
   0.01152804]]"	43.2098	-1
31	37	C1YsCGpjfGM	"[[-0.02408305  0.00628156 -0.02201624 ...  0.01232188  0.02659179
   0.00858788]
 [-0.03335722  0.00685443 -0.03216203 ...  0.01993131 -0.01442629
   0.00811442]
 [-0.03247283 -0.00317198 -0.02928646 ...  0.02145507  0.01032099
   0.00659223]
 ...
 [-0.03623808 -0.00012414 -0.01885878 ...  0.02150224  0.01619677
   0.00810032]
 [-0.03444403 -0.00328228 -0.0068492  ...  0.01683463 -0.00024719
  -0.0011959 ]
 [-0.02848124  0.00118034 -0.01344467 ...  0.03180429  0.00362123
  -0.00186209]]"	542.008	0
32	39	CgpUlh4B7E4	"[[-0.03357638 -0.00306751 -0.02029059 ...  0.01580903 -0.05262673
   0.00507225]
 [-0.03560288 -0.00296677 -0.01474923 ...  0.00014637 -0.06851551
  -0.0019495 ]
 [-0.0356685  -0.00787816 -0.01993457 ...  0.00249775 -0.08564484
   0.00590124]
 ...
 [-0.02546715  0.00455608 -0.00937452 ...  0.01167046 -0.03410495
   0.00448429]
 [-0.02552264  0.00759987 -0.02019063 ...  0.02268013 -0.04998498
   0.00132659]
 [-0.02261575 -0.00171821 -0.01440595 ... -0.00402707 -0.04240588
   0.00375646]]"	195.996	0
33	40	g0DUu_oOMSg	"[[-0.01497301  0.00269224 -0.00344671 ...  0.0035362  -0.01929475
   0.01094877]
 [-0.02334998 -0.00482707 -0.00219706 ...  0.00106738  0.04500053
   0.00947682]
 [-0.02193176 -0.00430886 -0.0019904  ...  0.00699936 -0.00246927
   0.00462497]
 ...
 [-0.01694765 -0.03060725  0.01102624 ... -0.01252271  0.02074784
   0.00902878]
 [-0.01022339 -0.0274656   0.01850215 ... -0.00696478  0.05440126
   0.01575288]
 [-0.01288366 -0.00886078 -0.00428672 ...  0.00940421 -0.00412454
   0.02685641]]"	89.1224	-1
34	42	DcrsXAO47sQ	"[[-0.02182277  0.00152615 -0.01116091 ...  0.01246977 -0.00963606
   0.00732524]
 [-0.0261157  -0.00306184 -0.01446655 ...  0.011304   -0.00350141
   0.00621135]
 [-0.03259291 -0.00149154 -0.00589708 ... -0.0085749  -0.04220317
   0.00141136]
 ...
 [-0.02574253 -0.00315425 -0.00424288 ... -0.00881569 -0.02369372
   0.00779814]
 [-0.02822026 -0.00543616 -0.01119759 ... -0.00828364 -0.03343438
   0.00372034]
 [-0.02597471 -0.00012242 -0.00036135 ... -0.00365685 -0.03871595
   0.00350465]]"	855.555	-1
35	43	DcrsXAO47sQ	"[[-0.03382422  0.00442166 -0.00022291 ...  0.00415162 -0.0616294
   0.01558277]
 [-0.03195394  0.00108114  0.00070275 ...  0.00280193 -0.0960142
   0.02220736]
 [-0.03601599  0.00264948 -0.0025856  ...  0.00385312 -0.11070463
   0.01357247]
 ...
 [-0.03109013  0.00597241  0.01916299 ...  0.00732787 -0.05152738
   0.01131992]
 [-0.03158193  0.00649369  0.00703001 ...  0.01755666 -0.04641901
   0.01913074]
 [-0.03074257 -0.00103789  0.0052354  ...  0.02233203 -0.03191536
   0.01869713]]"	1026.03	-1
36	44	FGTl32fB618	"[[-3.80545482e-02 -1.63822071e-04 -1.81459114e-02 ...  3.72788273e-02
  -1.02247540e-02  6.65682694e-03]
 [-3.63459066e-02 -3.43921874e-03 -1.19866095e-02 ...  5.88123314e-02
   3.86446086e-03  7.21548218e-03]
 [-1.70438029e-02  8.08114000e-03 -6.34537963e-03 ...  1.12564834e-02
  -1.78324245e-02 -2.07399034e-06]
 ...
 [-4.52123992e-02 -1.31323868e-02 -2.62681209e-02 ...  3.38419788e-02
  -6.25891984e-02 -2.29940168e-04]
 [-3.89896221e-02 -3.82038555e-03 -1.44326054e-02 ...  1.82706974e-02
  -5.37542999e-03  1.27914995e-02]
 [-3.82747352e-02 -4.66403039e-03 -1.51806707e-02 ...  2.48811878e-02
  -2.44111475e-02  1.27038080e-02]]"	825.825	-1
37	45	FGTl32fB618	"[[-0.02098199 -0.00711718 -0.02476827 ...  0.01706314  0.04351468
   0.01380519]
 [-0.00530292 -0.02543564 -0.01984677 ...  0.00704899  0.04199178
   0.00429681]
 [-0.02204986 -0.01358485 -0.03196725 ...  0.01096784  0.03884707
   0.01540591]
 ...
 [-0.0416911   0.00174111 -0.02876559 ...  0.00985793  0.00570455
   0.010583  ]
 [ 0.01235695 -0.01669455 -0.01931617 ...  0.0260447   0.05687277
   0.01463421]
 [ 0.01211558 -0.01636073 -0.01864014 ...  0.02455681  0.06370387
   0.01298745]]"	37.0036	-1
38	46	j1-voIWJ7YY	"[[-1.3304783e-02 -1.5335432e-02 -1.4748319e-02 ... -9.6612051e-03
  -8.3058342e-02 -7.0020761e-03]
 [-4.8646517e-03 -1.5580584e-02 -1.4541429e-02 ... -7.4552912e-03
  -4.8098642e-02 -4.1253655e-04]
 [-1.3601470e-02 -1.7284978e-02 -1.5972972e-02 ... -5.8108540e-03
  -4.0255990e-02 -4.9544494e-03]
 ...
 [ 1.2849107e-03 -1.8573463e-02 -1.2779707e-02 ...  5.6570875e-03
   3.4467664e-02  1.7360938e-03]
 [-3.0713021e-03 -6.0205641e-03 -1.3083845e-02 ...  5.5970568e-03
  -7.5135872e-02  6.3054363e-06]
 [ 3.1546224e-02 -2.3154592e-02 -1.0158052e-03 ...  4.6951640e-03
  -2.6576029e-02  1.4680009e-02]]"	51.1511	-1
39	47	j1-voIWJ7YY	"[[-9.47878323e-03 -9.51078627e-03  1.12386765e-02 ...  1.93473473e-02
   5.98021261e-02 -9.29479860e-03]
 [ 1.29045425e-02 -2.05964614e-02  1.28788231e-02 ...  2.77125966e-02
   6.64672479e-02  2.79758149e-03]
 [ 1.03410715e-02  3.94249335e-03  3.93198989e-03 ...  2.39493139e-02
   5.82489558e-02  6.08618697e-03]
 ...
 [-3.17339450e-02 -1.49358604e-02  7.85724260e-03 ... -1.94098207e-03
   5.94274849e-02 -1.96979195e-02]
 [ 4.81939595e-03 -1.62917785e-02  9.99747217e-03 ...  3.74105643e-03
   7.98943490e-02  7.09990505e-04]
 [-8.24048650e-03 -6.86504971e-03  5.23542566e-03 ...  3.15099078e-06
  -3.08484002e-03  6.70193927e-03]]"	45.1451	-1
40	48	j1-voIWJ7YY	"[[ 0.00723292 -0.0103182   0.00572022 ...  0.00033667  0.07351668
  -0.0042255 ]
 [-0.00998091 -0.00362216  0.00164539 ...  0.02351358  0.02092095
   0.00464666]
 [ 0.01951466 -0.02354713  0.01079389 ...  0.00922247  0.05073514
  -0.00612505]
 ...
 [ 0.02537334  0.01358304  0.00927965 ... -0.00917575  0.04295798
   0.00806103]
 [ 0.00240518 -0.00932166  0.0118972  ... -0.00148486 -0.00185537
  -0.00828102]
 [-0.01008028 -0.01436037  0.03172706 ... -0.00806812 -0.00793052
   0.00065466]]"	213.28	-1
41	49	j1-voIWJ7YY	"[[-0.02854002  0.00158136 -0.0239465  ...  0.01668357  0.02688355
   0.00357255]
 [-0.02880096 -0.00032983 -0.02947633 ...  0.00849642  0.0187697
   0.01257756]
 [-0.03395105  0.00525803 -0.02508894 ...  0.01897628  0.02785428
   0.0077815 ]
 ...
 [-0.03007295 -0.0017022  -0.01244802 ...  0.01468559 -0.0590276
   0.00539413]
 [-0.02058256 -0.00643847 -0.01227879 ... -0.00330057 -0.00439143
   0.00973245]
 [-0.03215601  0.00471894 -0.01891801 ...  0.02162396  0.01037521
   0.018584  ]]"	718.318	-1
42	50	jBr2b1cx3Qg	"[[-0.02157394 -0.00306721 -0.02292863 ...  0.02296406  0.0257501
   0.01738223]
 [-0.02976411  0.00076598 -0.02666083 ...  0.01833753 -0.00352789
   0.01089381]
 [-0.02953555 -0.000848   -0.02623476 ...  0.00707435  0.00943706
   0.01143852]
 ...
 [-0.03163211  0.00219129 -0.01510446 ...  0.00444475 -0.01831889
   0.00606783]
 [-0.02462809  0.00178784 -0.02760759 ...  0.01110916  0.01704203
   0.0095783 ]
 [-0.02593737  0.00754869 -0.01687359 ...  0.01957587  0.00230276
   0.00735752]]"	38.3049	0
43	51	jBr2b1cx3Qg	"[[-0.03176612  0.00028171 -0.01965042 ...  0.03423161 -0.02179317
   0.00620502]
 [-0.03343071  0.00197308 -0.01854845 ...  0.02736015  0.00515377
   0.00389947]
 [-0.03914824 -0.00048939 -0.01607095 ...  0.0089541  -0.05437289
   0.00034211]
 ...
 [-0.0362714  -0.00061473 -0.01367141 ...  0.03301433 -0.04478829
  -0.00022117]
 [-0.02764458  0.00119813 -0.02152851 ...  0.02123417 -0.04281317
  -0.00125677]
 [-0.02650153  0.00340624 -0.01497946 ...  0.03135481 -0.03472701
   0.00873846]]"	180.714	0
44	52	jBr2b1cx3Qg	"[[-0.02221219 -0.00106104 -0.02455841 ...  0.01988622  0.00422711
   0.01259602]
 [-0.01835002  0.00370458 -0.02080438 ...  0.0069358  -0.00362577
   0.01102755]
 [-0.03283351  0.00529225 -0.0161066  ...  0.00907426  0.00431559
   0.01365787]
 ...
 [-0.01857876  0.00570839 -0.01745153 ...  0.01816227  0.00503361
   0.01531821]
 [-0.02863745 -0.00442803 -0.01760464 ... -0.00056163  0.00067296
   0.01391945]
 [-0.02437752 -0.00333133 -0.02165676 ...  0.01713616 -0.00252623
   0.0148981 ]]"	31.6983	0
45	53	KR_EI1bQTHI	"[[-0.02926726 -0.00128485 -0.02306993 ...  0.02752863  0.0081696
   0.01478889]
 [-0.01987154 -0.00184092 -0.02166306 ...  0.01858979  0.0141099
   0.00916289]
 [-0.01925593 -0.00599044 -0.02023151 ...  0.0101389  -0.02927933
   0.01066571]
 ...
 [-0.02125133  0.0050981  -0.02060362 ...  0.02688435  0.02712999
   0.00467568]
 [-0.02917444  0.00322119 -0.02208786 ...  0.00867257 -0.00885566
   0.00288311]
 [-0.02814313 -0.00473629 -0.01597973 ...  0.00536076 -0.00047126
   0.004918  ]]"	363.463	0
46	54	lglGPOzD22Y	"[[-0.00128595  0.00276024 -0.01148561 ...  0.00278132  0.00540257
   0.01021206]
 [-0.0211455  -0.00508771 -0.02346227 ...  0.00141655  0.01313347
   0.00569689]
 [-0.01424997 -0.00236781 -0.01802073 ...  0.00722715 -0.01349538
   0.01154298]
 ...
 [-0.0212481  -0.00805992 -0.01820946 ...  0.01720561  0.04566192
   0.01289612]
 [-0.02176955 -0.00909908 -0.01546067 ...  0.01314044  0.00908454
   0.02003999]
 [-0.03064618 -0.00144179 -0.0105189  ...  0.02587282  0.024368
   0.00988469]]"	399.699	-1
47	55	LKiHFvgpPr0	"[[ 0.00588318 -0.01300067  0.00789771 ... -0.00115574 -0.04215522
  -0.0083391 ]
 [ 0.0110357  -0.00556797  0.00943069 ...  0.01054405 -0.03264014
  -0.00780189]
 [ 0.01834804 -0.00291411  0.0380537  ...  0.00807515 -0.02234257
  -0.01346831]
 ...
 [ 0.01118077  0.00371038  0.01297073 ...  0.00144698 -0.0230868
  -0.00956141]
 [ 0.00517547 -0.01102588 -0.00297677 ... -0.00990498 -0.00682049
   0.00291783]
 [ 0.00316467 -0.01068955 -0.00672197 ... -0.01088833 -0.00276786
   0.00216498]]"	36.2028	-1
48	56	LKiHFvgpPr0	"[[-0.01763438 -0.00752058 -0.01082262 ... -0.00841336  0.01335356
   0.00956327]
 [-0.02297563 -0.00372409 -0.01668528 ... -0.00738062  0.00359654
   0.007026  ]
 [-0.02230372 -0.00046597 -0.0171711  ... -0.00566108  0.03306015
   0.00236037]
 ...
 [-0.01701149  0.00367808 -0.00409675 ... -0.00186861 -0.00899729
   0.00569092]
 [-0.0187716  -0.00198817 -0.00309727 ...  0.00935879  0.03790074
   0.011767  ]
 [-0.02588927 -0.00724579 -0.00605104 ...  0.00070241  0.01285128
   0.01758307]]"	321.054	-1
49	57	Lrjx1kLc9j0	"[[ 0.01110322 -0.0142889  -0.01928064 ... -0.01017401  0.06700215
   0.00999143]
 [ 0.01213841 -0.01589416 -0.0187687  ... -0.00736798  0.06390121
   0.01191085]
 [ 0.01214068 -0.0158905  -0.01877604 ... -0.00737734  0.06389663
   0.01193624]
 ...
 [-0.00660581 -0.00790506 -0.01832336 ...  0.01467295  0.06189229
   0.01096534]
 [-0.00908168 -0.00915068 -0.01986376 ...  0.02049129  0.06967693
   0.00979568]
 [-0.01088493 -0.01177051 -0.01502255 ...  0.01268664  0.04744876
   0.00639993]]"	30.3637	-1
50	59	Lrjx1kLc9j0	"[[-0.02399325 -0.01022806 -0.02453777 ... -0.00232559 -0.03742956
  -0.00276874]
 [-0.03170954 -0.00770486 -0.02914241 ...  0.00580007 -0.00958438
  -0.0007792 ]
 [-0.04005847 -0.00374098 -0.01477019 ... -0.00114806 -0.04708773
  -0.00157157]
 ...
 [-0.03584192  0.00219213 -0.01079189 ...  0.02248646 -0.0233066
  -0.0047662 ]
 [-0.04347436 -0.00681372 -0.00720259 ...  0.02552846 -0.06651936
  -0.00490561]
 [-0.04487157  0.00431313 -0.00109351 ...  0.0098438  -0.03836314
  -0.00403533]]"	449.783	-1
51	61	OwrpZw8frIs	"[[-2.2323778e-02 -2.2083989e-03 -2.1871787e-02 ...  2.7506920e-03
   5.3535201e-05  3.7762467e-03]
 [-2.6555046e-02 -4.3765591e-03 -2.6540624e-02 ...  9.9052647e-03
  -8.1117693e-03  6.5897773e-03]
 [-2.4461083e-02 -5.6435489e-03 -2.5808832e-02 ...  5.2464302e-03
  -1.2745873e-04  5.0676339e-03]
 ...
 [-2.7737798e-02 -5.6957658e-03 -2.4708262e-02 ... -3.8363873e-03
  -1.5705675e-02  1.0716879e-03]
 [-2.7972121e-02 -3.3603185e-03 -2.4410451e-02 ...  6.5928847e-03
  -5.8915932e-03  5.8833738e-03]
 [-2.8347054e-02  3.9514969e-03 -2.4294507e-02 ...  1.3868575e-02
   4.0273272e-02  2.5639262e-03]]"	35.1351	0
52	62	OwrpZw8frIs	"[[-3.8498025e-02  5.4445467e-05 -1.1085860e-02 ...  9.2156790e-03
  -4.2208810e-03 -1.3529648e-03]
 [-3.1177755e-02  3.5667256e-03 -2.0493934e-02 ... -8.8721230e-05
   8.6979591e-04  8.1388856e-04]
 [-3.3699378e-02  2.2286933e-03 -2.2149337e-02 ...  3.1471315e-03
  -3.1277418e-02 -3.3664794e-03]
 ...
 [-3.0612199e-02  1.0093132e-02 -2.1010896e-02 ...  3.3456315e-03
  -1.2120542e-02 -2.3898277e-03]
 [-3.3638008e-02 -5.8942433e-03 -2.0777976e-02 ...  2.9609131e-03
  -3.5120551e-02  2.1923401e-03]
 [-2.8487166e-02  8.1790080e-03 -2.2219865e-02 ... -5.6654454e-04
  -1.4007341e-02 -4.9613793e-03]]"	33.7671	0
53	63	N-en9uRK1o4	"[[-0.0083068  -0.00110989 -0.02006576 ...  0.00450346 -0.02392943
   0.01094934]
 [-0.00881164  0.00120433 -0.020511   ...  0.01828656 -0.00852804
   0.01038841]
 [-0.00827945  0.00072571 -0.02283573 ...  0.02274532 -0.02437607
   0.00838119]
 ...
 [-0.02131754 -0.00520357 -0.00715135 ...  0.01843016 -0.04490916
  -0.00232013]
 [-0.02070153 -0.01155521 -0.02038232 ...  0.01476038 -0.02576974
   0.00740503]
 [-0.02375816 -0.01788845 -0.01934001 ...  0.00855429  0.00023929
   0.01291749]]"	734.867	-1
54	64	pjmRtZaguTQ	"[[-0.0069294  -0.01520621  0.00047532 ...  0.00805173 -0.01256069
   0.00314555]
 [-0.00778218 -0.01428565  0.00016782 ... -0.00192335  0.03432914
   0.01634012]
 [-0.00996025 -0.02106466 -0.00407776 ...  0.02031535  0.00543867
   0.01040837]
 ...
 [ 0.01373174 -0.01033561  0.0012233  ... -0.02342889  0.0552514
   0.01173643]
 [-0.00454604 -0.01764685  0.01810271 ... -0.01383729  0.00534613
   0.00203727]
 [ 0.00514763 -0.02188522  0.00043742 ... -0.00205663  0.04914828
   0.01625512]]"	127.861	-1
55	65	pjmRtZaguTQ	"[[-0.00181498 -0.00184414 -0.0064473  ... -0.01030163 -0.00210628
   0.01029098]
 [-0.00290521 -0.00890552 -0.01029145 ... -0.00734464  0.00633078
   0.01252383]
 [-0.01279703 -0.00563507  0.00052833 ... -0.01091091 -0.01869624
   0.00098187]
 ...
 [-0.01818689 -0.00412197  0.00749439 ...  0.00073813 -0.0277382
   0.00859076]
 [-0.01358368 -0.0042845  -0.00010134 ... -0.00758271 -0.00403801
   0.0046199 ]
 [-0.02117112 -0.02414531  0.02053166 ... -0.00594488 -0.0416472
   0.00316047]]"	444.244	-1
56	66	Prjbv_77HOw	"[[-3.0021477e-02 -9.4340940e-06 -7.1768584e-03 ... -1.1659228e-02
  -2.0571791e-02 -3.8837192e-03]
 [-2.7881641e-02 -7.3232496e-04 -1.7582055e-02 ...  1.0755725e-02
   1.8147537e-02 -6.2069469e-03]
 [-1.1763033e-02  7.2790720e-03 -2.9821547e-03 ...  7.8625828e-03
  -3.4659256e-03  1.7703064e-04]
 ...
 [-1.8672397e-02  2.1226259e-03  9.4980845e-04 ... -1.1703561e-02
   3.2360524e-02 -3.6319580e-03]
 [-5.1732589e-03  1.6823149e-04  7.4560898e-03 ... -1.1568254e-02
  -9.1533214e-03 -9.4432347e-03]
 [-2.3290152e-02  1.8576458e-03 -1.3581082e-02 ...  5.2135861e-03
   1.4282768e-02  6.9833850e-03]]"	185.285	-1
57	67	St-dvtiFHxo	"[[-0.01752991  0.0001261  -0.0195553  ...  0.006562    0.04537392
   0.01402855]
 [-0.01341705 -0.00432191 -0.02189982 ...  0.01556062  0.00570714
   0.01091188]
 [-0.03166062 -0.01175775 -0.01517864 ...  0.00162087  0.01826564
   0.00420991]
 ...
 [-0.01527708  0.02279069 -0.00750088 ...  0.00546512  0.06226892
  -0.00228152]
 [-0.02291683  0.02114437 -0.00235264 ...  0.01799626  0.06157176
  -0.00054971]
 [-0.01276494  0.01895983 -0.0101289  ...  0.01566592  0.04631931
  -0.00307139]]"	962.829	-1
58	68	TNyjGYTXQiA	"[[-3.1308934e-02 -1.0397928e-02 -1.5979668e-02 ...  6.0375640e-03
  -4.4705655e-02  3.9006537e-04]
 [-3.3326607e-02 -4.4771871e-03 -2.0564403e-02 ...  1.1708235e-02
  -2.6054299e-02  6.1753570e-05]
 [-2.7776627e-02 -8.0931121e-03 -2.3550777e-02 ...  5.1417588e-03
  -2.2413684e-02  1.7685571e-03]
 ...
 [-3.0886337e-02 -1.0507254e-02 -2.4853775e-02 ...  1.4572957e-02
  -1.3018929e-02  4.0112454e-03]
 [-2.9616104e-02 -1.2406272e-02 -1.4870965e-02 ...  8.4338346e-03
  -8.2830600e-03 -2.0403892e-03]
 [-2.4169084e-02 -6.0005421e-03 -1.0776692e-02 ...  1.1191518e-02
  -3.2173358e-02  4.6860492e-03]]"	1106.0	0
59	69	TNyjGYTXQiA	"[[ 0.02058518 -0.00962123 -0.0043491  ...  0.00936647  0.00021466
  -0.00353343]
 [ 0.02187047 -0.00840583 -0.00367402 ...  0.0083543   0.00330362
  -0.00447379]
 [ 0.01546904 -0.01685815  0.00671262 ...  0.00874841 -0.0061509
  -0.00205708]
 ...
 [ 0.00270937 -0.01980386  0.00660793 ...  0.00731171  0.00854647
   0.00233228]
 [-0.00983178 -0.00638932  0.00102917 ...  0.00872654 -0.03121682
   0.00070938]
 [ 0.01184231 -0.00954638  0.01026209 ... -0.00606126 -0.01547841
   0.00784746]]"	49.2826	-1
60	71	uNzS-dHvL2o	"[[-0.02136013  0.00330157 -0.0195067  ... -0.00154185  0.01007314
   0.00279067]
 [-0.02780387  0.00791556 -0.0167041  ... -0.00060419 -0.00494709
  -0.00166544]
 [-0.01740776 -0.00423845 -0.01319477 ... -0.00201398 -0.01108346
   0.0028188 ]
 ...
 [-0.02919323 -0.00763701  0.00871503 ... -0.01345671  0.01992802
   0.00068429]
 [-0.01547089  0.00254722 -0.00747405 ... -0.01544134  0.03761917
   0.0092178 ]
 [-0.03051032 -0.00466112 -0.00596591 ... -0.00677236 -0.0448804
  -0.00426426]]"	194.795	-1
61	72	vCeANKAPFf8	"[[-2.8268753e-02  2.5304295e-03 -6.0125272e-04 ...  5.5994838e-03
   1.8865345e-02 -2.5067246e-03]
 [-8.3328262e-03 -2.5229182e-03 -3.8813932e-03 ...  1.8322239e-02
   9.7146137e-03  4.4888980e-03]
 [-2.9149838e-02 -1.5211835e-03 -1.9569669e-02 ...  1.8405765e-02
   6.0035614e-03 -4.8794318e-05]
 ...
 [-2.3005541e-02 -2.5611173e-03 -1.8666059e-02 ...  1.4409261e-02
  -2.5367603e-02 -9.1336929e-04]
 [-3.2592267e-02 -6.4577293e-03 -1.7728545e-02 ... -7.3628232e-04
  -1.9596620e-02 -3.5510403e-03]
 [-3.6027495e-02 -6.9160841e-04 -2.4434086e-02 ...  8.0953725e-03
  -2.9451873e-02  1.7658125e-03]]"	872.705	0
62	73	vCeANKAPFf8	"[[ 0.00781558  0.0099291   0.00528932 ... -0.01494297  0.07374828
   0.00778207]
 [ 0.01331439  0.01058069  0.00640339 ... -0.01667383  0.08647516
   0.01812624]
 [ 0.01027156  0.01106171  0.00726903 ... -0.01323942  0.0784282
   0.01871567]
 ...
 [ 0.04917508  0.00035471 -0.00689861 ... -0.00514792  0.00244163
   0.01006113]
 [ 0.04654901  0.00459298 -0.0026359  ... -0.00296145  0.02344104
   0.01130039]
 [ 0.04009357  0.00635185 -0.00770242 ... -0.00086685 -0.00160939
   0.01246888]]"	61.2278	-1
63	74	Yol05y2a3o4	"[[-0.02382754 -0.0018962  -0.02022327 ...  0.01182138  0.04783364
   0.00571278]
 [-0.02223456 -0.00424017 -0.01299564 ... -0.00649377  0.00501979
   0.00210271]
 [-0.02499473 -0.00701567 -0.01692689 ... -0.00039613  0.0150524
   0.0058136 ]
 ...
 [-0.02355141 -0.00118388 -0.00505822 ...  0.00987204 -0.01481186
   0.01463931]
 [-0.02587634  0.00243402 -0.0159933  ...  0.02089162  0.00541931
   0.0039794 ]
 [-0.02821156 -0.00438851 -0.01097868 ...  0.01220443  0.01165006
   0.01433387]]"	34.9683	0
64	76	Yol05y2a3o4	"[[-0.02342225  0.00849633 -0.01711882 ...  0.00470543  0.03850439
   0.01158752]
 [-0.0211859   0.00719495 -0.02050593 ...  0.00869783  0.07922938
   0.01470832]
 [-0.02015791  0.00837262 -0.0091031  ...  0.00592689  0.0406016
   0.01798796]
 ...
 [-0.02448245  0.00324837 -0.01277882 ...  0.01311084  0.02354611
   0.0115584 ]
 [-0.02509137  0.00825221 -0.01797784 ...  0.00801698  0.00551315
   0.00826967]
 [-0.0268444  -0.00547455 -0.01004609 ...  0.00582043  0.02570918
   0.01235121]]"	73.7403	-1
65	77	_fTkG0O6m88	"[[0.00832214 0.03355117 0.01186421 ... 0.0161141  0.08672071 0.01323113]
 [0.00543982 0.01813569 0.00916538 ... 0.00762866 0.03982997 0.01638146]
 [0.00936534 0.03339821 0.00959099 ... 0.00689475 0.01414763 0.01494004]
 ...
 [0.00807585 0.02636849 0.00261263 ... 0.00906795 0.04270209 0.01278117]
 [0.01359963 0.01896446 0.01172331 ... 0.0034544  0.07388953 0.01402422]
 [0.00373222 0.01659128 0.01096668 ... 0.01854442 0.08119744 0.01371872]]"	143.867	2
66	78	_fTkG0O6m88	"[[0.01349149 0.02664896 0.00928089 ... 0.01586246 0.11743212 0.0123599 ]
 [0.01537634 0.03337672 0.00882981 ... 0.01393949 0.09896622 0.00912531]
 [0.01503204 0.02280835 0.01134801 ... 0.01537837 0.04718556 0.01146978]
 ...
 [0.00902846 0.01645474 0.00841565 ... 0.01438534 0.12112513 0.01838288]
 [0.00570163 0.01213369 0.00741239 ... 0.0061642  0.07838677 0.00888868]
 [0.01255745 0.02919288 0.01180328 ... 0.01058372 0.11999806 0.00715188]]"	181.933	2
67	79	_Mkz8Nl21M8	"[[ 0.01268008  0.03351021  0.01176321 ...  0.00833965  0.0269427
   0.01087721]
 [ 0.00861284  0.03537241  0.00856487 ...  0.0103862   0.05408888
   0.00732045]
 [ 0.01457731  0.01469883  0.0068191  ...  0.01160305  0.01034719
   0.0072013 ]
 ...
 [ 0.00205972  0.04273842  0.00515809 ...  0.02288458 -0.00829983
   0.01346148]
 [ 0.00721389  0.01114944  0.01025107 ...  0.01015679 -0.01478153
   0.01107737]
 [ 0.01908468  0.02499358  0.00667538 ...  0.01205108  0.01522
   0.00174553]]"	199.433	2
68	80	0SVNcOi-cuo	"[[0.00890296 0.02676705 0.00897924 ... 0.00855888 0.11554683 0.00986179]
 [0.00849937 0.01643608 0.00554311 ... 0.00837996 0.04104107 0.00618584]
 [0.00856057 0.01316398 0.00894836 ... 0.00113568 0.07498947 0.00807309]
 ...
 [0.01251042 0.02935368 0.00678776 ... 0.00533496 0.05410527 0.00784659]
 [0.0172266  0.02194241 0.01181397 ... 0.00110332 0.10011844 0.01252922]
 [0.01473612 0.02079745 0.01029112 ... 0.02056229 0.09514903 0.01217644]]"	118.333	2
69	81	0SVNcOi-cuo	"[[ 0.01101381  0.03961392  0.0109331  ...  0.00357846  0.02369076
   0.01385117]
 [ 0.01391981  0.03984481  0.01418077 ...  0.0125272   0.04944005
   0.02182337]
 [ 0.01547308  0.03180187  0.00812961 ...  0.0081598   0.05167958
   0.01081624]
 ...
 [ 0.00852157  0.03816907  0.01198634 ...  0.0038979  -0.00383109
   0.01190322]
 [ 0.00684204  0.02475151  0.00942813 ...  0.00263755  0.02832813
   0.01827178]
 [ 0.00882626  0.04188939  0.0096814  ...  0.01265762  0.04022843
   0.01089397]]"	69.2333	2
70	82	3DqGffXfr1I	"[[ 7.83830788e-03  4.38782014e-02  9.85426176e-03 ... -1.81332417e-03
   2.67470647e-02  2.15865648e-03]
 [ 7.50469090e-03  3.51159126e-02  9.11049824e-03 ... -4.40831995e-03
  -1.25941522e-02  9.89601685e-05]
 [ 2.28968095e-02  1.28782829e-02  9.78309754e-03 ...  1.19751059e-02
   7.13368952e-02  1.21227410e-02]
 ...
 [ 6.67719450e-03 -2.47446983e-03  6.24066498e-03 ...  1.49809504e-02
   4.33804467e-02  1.40176285e-02]
 [ 9.47187562e-03  2.72698347e-02  1.13192201e-02 ...  1.51547324e-02
   5.01376055e-02  3.39915557e-03]
 [ 7.69002305e-04  4.77910377e-02  7.73529382e-03 ...  4.75129671e-03
   4.33313176e-02  1.45333437e-02]]"	82.0	2
71	83	9xDqRxeR18A	"[[ 6.4615365e-03  2.6516816e-02  8.8432443e-04 ...  1.3113163e-02
   1.2307480e-02  1.1757817e-06]
 [ 2.7202962e-03  2.7113399e-02  5.7342397e-03 ...  1.0659946e-03
   5.5866338e-02  1.0389695e-02]
 [ 1.1209878e-02  1.2985784e-02  5.3728325e-03 ... -3.9612884e-03
   7.3732868e-02  9.3289642e-03]
 ...
 [ 1.2002524e-02  4.6857987e-02  1.0357161e-02 ...  2.9898644e-03
   3.9610505e-02  7.9634739e-03]
 [ 7.4917055e-03  3.3428159e-02  7.7053052e-03 ...  1.0516778e-02
   5.5318903e-02  9.3153743e-03]
 [ 3.9721923e-03  3.2043960e-02 -1.2472981e-03 ...  2.3563575e-02
  -1.3055431e-02 -2.7425312e-03]]"	584.894	2
72	84	9QRcsGWDkt4	"[[ 0.00192853 -0.00824353  0.00696428 ...  0.00337654  0.07425047
   0.00570695]
 [-0.00683464 -0.01155145  0.01119936 ... -0.00607056  0.03356927
  -0.00176152]
 [-0.01077475 -0.00668622  0.00546535 ...  0.00830361 -0.01262873
  -0.00021362]
 ...
 [ 0.00442199  0.00858167  0.00243974 ...  0.00637456  0.02679091
   0.00651424]
 [ 0.0077519   0.02221853  0.00700323 ...  0.00821702 -0.02805942
   0.01409863]
 [ 0.01005167 -0.01471769  0.01216069 ...  0.00047712  0.01750967
   0.01522375]]"	126.333	-1
73	85	9QRcsGWDkt4	"[[ 0.00887974  0.0384249   0.00742444 ...  0.00299972  0.03652065
   0.00606929]
 [ 0.00800597  0.03170999  0.00861266 ...  0.00525572  0.05163747
   0.00364305]
 [ 0.0053455   0.03048299  0.01113648 ...  0.00653636  0.04776806
   0.01172424]
 ...
 [ 0.00616383  0.02504065  0.00559998 ... -0.00027192  0.03130898
   0.00943107]
 [ 0.00826409  0.03073654  0.00728943 ... -0.00374969  0.06646734
   0.01256392]
 [ 0.00538693  0.03246451  0.01463654 ...  0.00322889  0.04697388
   0.00941852]]"	582.5	2
74	91	AjHWB2BVIyI	"[[ 0.00889438 -0.01640229  0.00803438 ... -0.00389822  0.03042086
   0.00066008]
 [-0.012785    0.00743533  0.0050616  ...  0.02169949  0.0098624
   0.0083546 ]
 [-0.00448425  0.0026073   0.00837669 ... -0.00126243 -0.00744717
  -0.00301099]
 ...
 [-0.00833039 -0.00918401  0.00515016 ... -0.00168165  0.04576961
  -0.00361398]
 [ 0.01905272 -0.00815361  0.00775142 ... -0.00367937 -0.05987556
  -0.00336179]
 [ 0.01074483 -0.01265287  0.01560709 ...  0.00462605  0.03198678
   0.00502261]]"	58.8	-1
75	92	AjHWB2BVIyI	"[[ 0.00553791  0.02941022  0.01101592 ...  0.01685596  0.01626174
   0.00915693]
 [-0.00212776  0.01547352  0.01491918 ...  0.01532366  0.0265617
   0.01900198]
 [-0.00507128  0.0116631   0.01276988 ...  0.01271491  0.00492664
   0.01474727]
 ...
 [ 0.00299535  0.0268072   0.01227021 ...  0.0172995  -0.01274072
   0.01889234]
 [ 0.00772934  0.02588268  0.01118688 ... -0.00763144  0.01919605
   0.00917642]
 [ 0.00600166  0.03669696  0.00981112 ...  0.01330241  0.02386912
   0.01454309]]"	261.64	-1
76	93	bQAx3yW4i6E	"[[ 0.01469463 -0.00293488  0.01085093 ...  0.00281166  0.00929513
   0.00358583]
 [ 0.00225621  0.03483861  0.00954297 ... -0.00134115  0.02427611
   0.00549098]
 [ 0.01010819  0.01400875  0.00014781 ...  0.01627909  0.01346326
   0.00469848]
 ...
 [ 0.00596449 -0.0001535   0.00298378 ...  0.02225362 -0.01184512
   0.02041727]
 [ 0.01212027  0.01244301  0.0186023  ... -0.00215747  0.06658633
   0.01378586]
 [ 0.01648624  0.02481045  0.01275191 ... -0.00616651  0.08369104
   0.00764504]]"	67.0	2
77	94	BwHuRjoPGuk	"[[ 0.00648973  0.02128216  0.01387895 ... -0.00071867  0.06546743
   0.00243244]
 [ 0.00896173  0.04864919  0.00848854 ... -0.00724861  0.02250078
   0.00451434]
 [ 0.00480482  0.02028211  0.01308014 ...  0.00145654  0.11667908
   0.00877467]
 ...
 [ 0.00077296  0.01216957  0.00300426 ...  0.00253484  0.03126617
   0.01583461]
 [ 0.00239347  0.03136808  0.01790015 ... -0.00034032 -0.0125019
   0.02093497]
 [ 0.02552408  0.03356635  0.00693708 ...  0.02013868  0.00555087
   0.00989544]]"	73.7333	-1
78	95	ExKQ6iNozjE	"[[ 3.01132002e-03  1.66329853e-02  9.24574677e-03 ...  8.00409727e-03
   1.79700889e-02  1.27315233e-02]
 [ 3.68813844e-03  3.34722959e-02  1.05901128e-02 ...  1.19441906e-02
   7.15538338e-02  1.25581063e-02]
 [ 1.13833705e-02  3.38169411e-02  1.29999993e-02 ...  4.27081296e-03
   6.32284135e-02  7.45370006e-03]
 ...
 [ 2.16515400e-02 -5.60873467e-03  7.65472138e-03 ...  2.90243328e-03
  -5.84073961e-02  8.81568901e-03]
 [-2.93936045e-03 -1.31137874e-02  2.00730227e-02 ... -7.00635937e-05
   7.95617476e-02  2.67512840e-03]
 [ 1.38442097e-02  3.72545910e-04  5.64487651e-03 ...  9.06341802e-03
   1.70780178e-02  1.38166426e-02]]"	62.5667	-1
79	96	fFKWNoH4Q00	"[[ 0.0093595   0.02796695  0.01063991 ...  0.00421063  0.00963165
   0.0052345 ]
 [ 0.00182798  0.01462867  0.01160543 ...  0.01764967  0.0473818
   0.01109792]
 [ 0.00359987  0.03206097  0.01062474 ...  0.01177642  0.04705271
   0.0085533 ]
 ...
 [ 0.00600182  0.02864774  0.01613805 ...  0.00747178  0.01035944
   0.01417116]
 [-0.00179785  0.02355815  0.00544782 ...  0.00857518  0.0596807
   0.01412841]
 [ 0.01032284  0.05710386  0.01440436 ...  0.0101606   0.04483074
   0.01125614]]"	64.64	2
80	97	fFKWNoH4Q00	"[[ 0.01034788  0.03232117  0.01291261 ...  0.01068346  0.04098114
   0.02375511]
 [ 0.01068137  0.02176435  0.01356669 ...  0.0093868   0.05082347
   0.02569215]
 [ 0.00651447  0.02160052  0.00744287 ...  0.00700439  0.04401843
   0.01363151]
 ...
 [ 0.00759997  0.04320478  0.01014706 ...  0.01499887 -0.04185832
   0.00857966]
 [ 0.00933477  0.0553714   0.00989114 ...  0.01757016 -0.03004935
   0.01108101]
 [ 0.01298545  0.04885504  0.01074114 ...  0.01055618  0.00948003
   0.0091466 ]]"	46.4	2
81	98	gFtGwVYyenU	"[[ 0.00472326  0.03069322  0.00301983 ...  0.01800106  0.04444586
   0.01514271]
 [ 0.00610484  0.04343874  0.00088695 ...  0.02066627  0.00842855
   0.0087245 ]
 [ 0.01228086  0.02707545  0.00343506 ...  0.01833184  0.03141741
   0.0096466 ]
 ...
 [ 0.01331156  0.03535019  0.00554324 ...  0.01727087 -0.02778095
   0.01160906]
 [ 0.00765234  0.02916826  0.00418463 ...  0.01853872  0.03711547
   0.0179174 ]
 [ 0.01004474  0.03051338  0.00338433 ...  0.02150752  0.01657766
   0.00452477]]"	105.5	2
82	99	jPQddAgrOCU	"[[ 0.00680554  0.04975464  0.01136576 ... -0.00789213  0.01820877
   0.00172078]
 [ 0.00822006  0.01993619  0.01170615 ...  0.01336974  0.09647468
   0.01660156]
 [ 0.01120365  0.01334577  0.00706352 ...  0.00639934  0.06381707
   0.00694397]
 ...
 [ 0.00585766  0.05034088  0.01166888 ...  0.01582124  0.04556174
   0.01731043]
 [-0.00130168  0.03361923  0.00673656 ...  0.02169892  0.03277277
   0.02456844]
 [ 0.02029946  0.02337411  0.00579305 ...  0.00674459 -0.01759938
   0.00255924]]"	66.1	2
83	100	glYWsEAXPJU	"[[ 0.01679473  0.03445149  0.0133416  ...  0.00814779  0.06917348
   0.01515233]
 [ 0.00836331  0.02433581  0.00788922 ...  0.02297575  0.03895409
   0.01438408]
 [ 0.00932182  0.02756655  0.00491647 ...  0.01328425  0.09116198
   0.00924974]
 ...
 [ 0.01029854  0.04223076  0.00851352 ...  0.00149364  0.06908441
   0.01583792]
 [ 0.0120601   0.03337153  0.00657984 ... -0.00036875  0.10787555
   0.01125581]
 [ 0.00743686  0.02336248  0.00818672 ...  0.0227825   0.07010125
   0.01764343]]"	920.0	2
84	101	glYWsEAXPJU	"[[ 0.00089579  0.05716816  0.00112431 ...  0.01547327 -0.02430204
   0.00104975]
 [ 0.00077133  0.05648834  0.00032642 ...  0.01691476 -0.0341765
   0.00205113]
 [ 0.00443462  0.05591419  0.00108873 ...  0.01728695 -0.02430631
   0.00587411]
 ...
 [ 0.01649845  0.05820891  0.00919273 ...  0.00762403  0.05173835
   0.00616312]
 [ 0.00430889  0.07442313  0.00827624 ...  0.01464032 -0.01649395
   0.00732907]
 [ 0.00560696  0.0513132   0.00889856 ...  0.01883355 -0.02391906
   0.00635625]]"	757.52	-1
85	102	glYWsEAXPJU	"[[ 0.00323102  0.01316097  0.01073679 ...  0.03528658 -0.03830813
   0.01294751]
 [ 0.00268219  0.03874014  0.01224783 ...  0.01507507 -0.03797384
   0.0080792 ]
 [ 0.00248384  0.0255434   0.01376625 ...  0.02514632 -0.00544869
   0.01280631]
 ...
 [ 0.01509545  0.02694327  0.00887879 ...  0.00782803 -0.01715238
   0.01362693]
 [ 0.00594882  0.02461433  0.00828556 ...  0.01911446  0.00527873
   0.01087786]
 [ 0.02827839  0.02296686  0.00760534 ...  0.01872373 -0.03092241
   0.00604371]]"	135.36	-1
86	103	AnlJplInlxI	"[[-8.65686778e-03  2.13682428e-02  1.81855354e-02 ...  6.93715038e-03
   2.49353633e-03  3.00556677e-03]
 [-1.38807120e-02 -8.69046990e-03  6.69505680e-03 ...  9.77374986e-03
   2.15284601e-02  7.28164043e-04]
 [-8.77471082e-03 -1.60798077e-02  6.89841527e-03 ...  3.62947630e-03
   1.38845425e-02  1.63211965e-03]
 ...
 [ 1.17166555e-02 -1.98260285e-02  1.29763233e-02 ...  1.88892489e-04
   1.08795064e-02  1.31127955e-02]
 [-1.75324141e-03 -1.96040981e-02  4.17233771e-03 ...  9.80595872e-03
   5.12697212e-02  1.84042859e-04]
 [ 5.69926202e-03 -9.15588753e-05  5.23318071e-03 ...  1.86046045e-02
   3.42597775e-02 -2.97402591e-03]]"	404.433	-1
87	104	AnlJplInlxI	"[[-0.01280532  0.04889091  0.00809855 ...  0.02590185  0.07374699
   0.01866398]
 [-0.00682696  0.05829294  0.00934545 ...  0.01503713  0.08191419
   0.01626178]
 [-0.00279544  0.04060128  0.01160751 ...  0.04488621  0.01644074
   0.0174654 ]
 ...
 [ 0.00597194  0.05268034  0.00843808 ...  0.03402219  0.07614331
   0.00753036]
 [ 0.00576653  0.08590081  0.00425259 ...  0.04546363  0.07995727
   0.00953209]
 [ 0.0061157   0.07098243  0.01098988 ...  0.04541713  0.01459085
   0.01254329]]"	2105.2	-1
88	105	AnlJplInlxI	"[[0.01255025 0.04824826 0.00332376 ... 0.00984628 0.04572592 0.00617502]
 [0.00731095 0.04565111 0.00673771 ... 0.00871367 0.05317647 0.00883239]
 [0.01231827 0.03356608 0.00822896 ... 0.00608733 0.07168355 0.01126679]
 ...
 [0.00441403 0.03012251 0.0062946  ... 0.00697574 0.03084722 0.00735963]
 [0.01139888 0.05180974 0.01034853 ... 0.00658603 0.06194695 0.01031051]
 [0.00794872 0.04263172 0.00821411 ... 0.00781508 0.06358316 0.01155454]]"	1856.9	2
89	106	K-FrBOdee6E	"[[0.00958758 0.02724703 0.00025021 ... 0.0154135  0.09999837 0.01288887]
 [0.01057831 0.03520418 0.00095055 ... 0.02115693 0.08293825 0.01210668]
 [0.00157578 0.04396389 0.00362068 ... 0.0134504  0.027629   0.02199848]
 ...
 [0.00974387 0.03983435 0.00973381 ... 0.01393359 0.02986979 0.01256793]
 [0.00943067 0.02747187 0.0026214  ... 0.00888695 0.10648829 0.00754336]
 [0.00473333 0.0331351  0.00150281 ... 0.00988928 0.07624024 0.00669394]]"	94.2667	2
90	107	K-FrBOdee6E	"[[0.00742883 0.04889637 0.00715985 ... 0.01063971 0.02763874 0.01486507]
 [0.01046844 0.03745033 0.01120186 ... 0.00920152 0.0376105  0.0118824 ]
 [0.00476894 0.04133026 0.00996239 ... 0.00687701 0.05435122 0.01248646]
 ...
 [0.00835932 0.03001816 0.00699832 ... 0.00470578 0.07102015 0.01318537]
 [0.01025902 0.03571505 0.01201351 ... 0.0149174  0.09248801 0.00994183]
 [0.00457285 0.02640587 0.00508908 ... 0.0168092  0.01719483 0.00619561]]"	106.167	2
91	108	lnGunrQE5QA	"[[ 1.4234803e-02  2.3725905e-02  9.8274481e-03 ...  1.5492341e-02
   4.1920349e-02  1.0553031e-02]
 [ 1.0164844e-02  1.8337373e-02  1.0955303e-02 ...  2.2729162e-02
   4.0944565e-02  1.0756986e-02]
 [ 3.6827112e-03  2.0139990e-04  4.1785734e-03 ... -3.0202484e-03
   2.5569659e-02  1.1517493e-02]
 ...
 [ 1.0091923e-02  2.9954655e-02  1.1614639e-02 ... -2.8649149e-05
   4.9334519e-02  1.0537636e-02]
 [ 1.5170024e-02  6.4956113e-03  7.1631861e-03 ...  1.7354466e-02
   4.2780157e-02  9.3932720e-03]
 [ 9.4337901e-03  1.4692264e-02  6.0665379e-03 ...  2.2989361e-02
   3.5971504e-02  1.7768944e-02]]"	125.9	2
92	109	lTLAQRU7S0c	"[[ 0.0042577   0.01714764  0.009249   ...  0.00691585  0.06401735
   0.01166171]
 [ 0.00911101  0.02289952  0.00784177 ...  0.00987408  0.00668024
   0.01036681]
 [ 0.00773278  0.00650607  0.006319   ...  0.00659692  0.01405713
   0.00409021]
 ...
 [ 0.00551318  0.02272008  0.0128227  ...  0.00120026  0.04072826
   0.01749055]
 [ 0.00844801  0.01396926  0.00692081 ...  0.01915121  0.05461545
   0.01002178]
 [ 0.00182893  0.01367388  0.00303431 ...  0.01871293 -0.03182188
  -0.00078577]]"	175.367	2
93	110	lqzuCCO--Kw	"[[-0.00572343 -0.00604958  0.01179566 ...  0.00653705 -0.01930075
   0.00435665]
 [-0.00671291  0.01039911  0.00392485 ...  0.01183086  0.03929534
   0.00853198]
 [ 0.00252922  0.00391783  0.00708852 ...  0.00601039  0.00846531
   0.00062391]
 ...
 [ 0.00366759 -0.01070322  0.00934998 ...  0.00681852  0.02529831
   0.00888897]
 [-0.01339836 -0.01746361  0.01753428 ...  0.01170413  0.01544902
   0.00566643]
 [-0.00091864 -0.02141293  0.00189433 ... -0.00226201  0.03728741
   0.00192492]]"	136.64	-1
94	111	lTLAQRU7S0c	"[[-8.2595274e-03 -1.3915239e-02  1.6655839e-03 ... -9.5045222e-03
  -4.9112331e-02 -4.8558284e-03]
 [ 1.1303729e-03 -1.5261864e-02 -3.9965380e-05 ... -5.1055830e-03
  -7.3058918e-02  7.8637768e-03]
 [-1.3098200e-02 -1.9577246e-02 -1.0556380e-03 ...  5.5274796e-03
  -6.8068609e-02 -2.6905723e-03]
 ...
 [ 3.5505914e-03 -1.1323983e-02 -1.1510581e-03 ... -1.5213197e-02
  -1.4039506e-02  4.8091975e-03]
 [ 1.5861799e-03 -7.6012930e-04  6.8933768e-03 ...  1.9492818e-03
   3.1895440e-02  4.1329889e-03]
 [ 5.5489657e-03  4.5494600e-03  1.5077714e-02 ...  4.8992620e-03
   2.6939744e-03 -8.3211577e-03]]"	57.8333	-1
95	112	lqzuCCO--Kw	"[[ 0.01192355  0.02888239  0.00869136 ...  0.01095121  0.02892228
   0.01048076]
 [-0.00036624  0.01819762  0.00710807 ...  0.01029809  0.00730951
   0.01480833]
 [ 0.00210441  0.03096426  0.0078901  ...  0.00471533  0.03099064
   0.01012004]
 ...
 [ 0.00707369  0.03091492  0.01018938 ...  0.00674225  0.03440817
   0.0127977 ]
 [ 0.00489223  0.0292189   0.00448174 ...  0.01674949 -0.01068405
   0.00843867]
 [-0.00061121  0.00819234  0.00272699 ...  0.01158543  0.0396356
   0.00756837]]"	394.92	2
96	113	lqzuCCO--Kw	"[[ 0.00092871  0.03142461 -0.00640662 ...  0.02855547 -0.01182696
  -0.00131515]
 [ 0.00765129 -0.00091322 -0.00457976 ...  0.04660578 -0.01799525
   0.00645469]
 [ 0.01055535  0.01859879 -0.00213718 ...  0.03707927 -0.00725975
   0.00169797]
 ...
 [ 0.01249151  0.0043839  -0.00076395 ...  0.04438856 -0.01423675
   0.00771275]
 [ 0.00867929  0.01476427  0.00180454 ...  0.02904689 -0.01438263
   0.00825155]
 [-0.00047363  0.01014279  0.00701137 ...  0.02094001 -0.01808446
   0.00597412]]"	81.28	-1
97	114	MetiPlAIoD4	"[[0.00708296 0.00283966 0.011266   ... 0.01952882 0.11087804 0.00893391]
 [0.00993588 0.00772267 0.0132869  ... 0.02013153 0.06379823 0.01540088]
 [0.00677545 0.01320653 0.01310964 ... 0.00913917 0.03952497 0.00259543]
 ...
 [0.01635133 0.02704423 0.01674929 ... 0.00450144 0.02232976 0.01315361]
 [0.01487114 0.02262655 0.01691879 ... 0.01264649 0.08095622 0.01489821]
 [0.00084495 0.0206058  0.0037388  ... 0.01272603 0.09031119 0.01332719]]"	580.4	2
98	115	qpsuvzhNrj4	"[[ 8.5509103e-03  5.5018771e-03  9.9104326e-03 ... -4.6064397e-03
  -2.9647280e-02  5.5389721e-03]
 [ 6.9448105e-03  4.9913175e-02  1.1003602e-02 ...  4.8274030e-03
   3.4050990e-02  1.1402828e-03]
 [ 8.4246546e-03  3.7295982e-02  1.4463618e-02 ... -1.5669348e-02
  -2.7621223e-02  4.9856691e-05]
 ...
 [ 4.4749300e-03  3.8762320e-02  6.1804070e-03 ...  1.5828975e-02
   1.8289752e-02  7.9620453e-03]
 [-2.5225352e-03  3.7697244e-02  7.4551590e-03 ...  9.4321175e-03
   1.6719135e-02  5.1151817e-03]
 [ 6.6438932e-03  2.6912572e-02  1.2508728e-02 ...  6.6772732e-03
   2.9837696e-02  3.5104631e-03]]"	134.76	2
99	116	SGIlxFmU5es	"[[0.00873501 0.01148887 0.00550351 ... 0.00575564 0.11516605 0.01243593]
 [0.01566993 0.03839588 0.00705204 ... 0.0123466  0.08072978 0.00618407]
 [0.01078783 0.03772252 0.00085812 ... 0.01639681 0.06391307 0.01302564]
 ...
 [0.00984957 0.0205283  0.00889128 ... 0.00309625 0.08436507 0.00472003]
 [0.00683409 0.03133665 0.00745438 ... 0.0207666  0.094771   0.00713803]
 [0.00384217 0.02404633 0.00190038 ... 0.01350516 0.05944096 0.00542329]]"	434.433	2
100	117	vnT-GvIat98	"[[0.01540746 0.02018253 0.00260663 ... 0.01993345 0.00596647 0.00499336]
 [0.00974837 0.02117087 0.00426015 ... 0.01294784 0.04842443 0.00809842]
 [0.0142845  0.01503882 0.00659644 ... 0.0024695  0.03776015 0.009708  ]
 ...
 [0.006942   0.01338089 0.01035076 ... 0.02019665 0.0808831  0.01139736]
 [0.01345966 0.01921613 0.00583513 ... 0.02637162 0.04523296 0.01038351]
 [0.0086754  0.00269323 0.0022969  ... 0.02641158 0.00500815 0.01089797]]"	140.8	2
101	118	VybDPqxJRZs	"[[ 0.01425446  0.02849689  0.00979206 ...  0.00190769  0.0297025
   0.01276411]
 [ 0.01410788  0.02720238  0.00709945 ...  0.00771738  0.00246097
   0.01677554]
 [ 0.01169129  0.04226387  0.00702404 ...  0.00851133 -0.00329508
   0.01731763]
 ...
 [ 0.00592884  0.02828748  0.00850756 ...  0.01727053  0.04476971
   0.01204411]
 [ 0.01482345  0.02833846  0.00452034 ...  0.00570245  0.02591333
   0.01059489]
 [ 0.01144907  0.02985727  0.00732853 ...  0.00976783  0.06779247
   0.01005521]]"	74.6333	2
102	119	VybDPqxJRZs	"[[ 0.00507125  0.03749666  0.01291864 ...  0.00746192  0.03079144
   0.00778756]
 [ 0.01212984  0.03337342  0.00586369 ...  0.0153095   0.04292242
   0.00617382]
 [ 0.01127847  0.02326158  0.01417977 ...  0.00635763  0.05378621
   0.00706496]
 ...
 [ 0.01260831  0.05288288  0.00780311 ...  0.0068234   0.03700318
   0.00564761]
 [ 0.00203379  0.02770079  0.01048636 ...  0.00545565  0.01179876
   0.01391552]
 [ 0.01037077  0.03958651  0.01031904 ...  0.00676464 -0.00247864
   0.01131484]]"	94.5	2
103	120	US7QH1Gmy3g	"[[ 0.00936539  0.03807047  0.01254643 ...  0.0226592  -0.00276913
   0.01377446]
 [ 0.0039447  -0.02268784  0.00377441 ...  0.03131648 -0.07808245
   0.02273691]
 [ 0.01354327 -0.00834814  0.0015392  ...  0.01450771 -0.01409064
   0.02151093]
 ...
 [ 0.01103968  0.01415236  0.01999389 ...  0.01565294  0.05596524
   0.01948281]
 [ 0.01156945  0.00539233  0.00823492 ...  0.0075964  -0.10073866
   0.01023523]
 [ 0.0165922  -0.01592982  0.00717089 ... -0.00379864 -0.07841503
   0.00645593]]"	75.92	-1
104	121	US7QH1Gmy3g	"[[ 0.01093025  0.02337682  0.00796132 ...  0.00926959  0.02856762
   0.00372264]
 [ 0.01516897  0.02785855  0.00832581 ...  0.00129684  0.07281487
   0.00729804]
 [ 0.00589876  0.02963168  0.01316181 ...  0.005535    0.00546971
   0.00666743]
 ...
 [ 0.01002505  0.03967216  0.00768104 ...  0.00244948  0.01857442
   0.01505443]
 [ 0.00614978  0.03796096  0.00542374 ...  0.00635166 -0.02925908
   0.01298127]
 [ 0.00470994  0.02289934  0.0074803  ...  0.03357206 -0.02457653
   0.01978753]]"	518.12	2
105	122	wE9aeD3JgII	"[[ 0.0073267   0.00297983  0.01340833 ...  0.00142613 -0.02799098
   0.00584278]
 [ 0.00535406  0.06119938  0.00510971 ...  0.00775524 -0.00297597
   0.00323059]
 [ 0.00608114  0.00126053  0.01306742 ...  0.00601545  0.04995935
   0.01382701]
 ...
 [ 0.00647388  0.01790027  0.01774318 ... -0.01298386  0.00021653
   0.00263687]
 [ 0.0146832   0.03257777  0.00437768 ... -0.00784859  0.01281393
   0.00642423]
 [ 0.01843484  0.01132237  0.00297211 ...  0.01469668 -0.01596479
   0.00384429]]"	72.2	2
106	123	WNAf0LUIJyI	"[[ 0.01235448  0.01672022  0.00158317 ...  0.00291496  0.06274769
   0.00390531]
 [ 0.01143205  0.02047927  0.00518895 ...  0.00148237  0.07370917
   0.01008324]
 [ 0.01307058  0.03324732  0.0040429  ...  0.003301    0.02465525
   0.01299906]
 ...
 [ 0.01274487  0.0350258   0.01759849 ...  0.01540216  0.092604
   0.01176164]
 [ 0.01086815  0.01452017 -0.00276789 ...  0.03170572 -0.01165564
   0.01003431]
 [ 0.00885232 -0.01056558  0.01718674 ...  0.00682338  0.00813046
  -0.00954188]]"	51.8333	2
107	124	WJAiZ5pmqLs	"[[0.00994446 0.0411601  0.00176481 ... 0.00854714 0.00692853 0.00902158]
 [0.00931059 0.0319053  0.00619638 ... 0.01174856 0.05621025 0.00713337]
 [0.01276259 0.03012749 0.00468882 ... 0.008534   0.01258186 0.00717275]
 ...
 [0.0050955  0.02701591 0.00517484 ... 0.01783943 0.02829706 0.01274843]
 [0.00790598 0.03139663 0.00700185 ... 0.01959438 0.02897735 0.0131072 ]
 [0.00648367 0.04112865 0.00345096 ... 0.01154988 0.05926248 0.00914575]]"	448.2	2
108	125	WJAiZ5pmqLs	"[[-0.01498435 -0.0030294   0.00939055 ...  0.00022075  0.02048622
  -0.00264215]
 [ 0.00419649 -0.00530235  0.00927116 ...  0.00739478  0.02330611
   0.01080396]
 [-0.00046227 -0.01127093  0.0065973  ...  0.01214826  0.02554548
  -0.00076684]
 ...
 [ 0.00923757  0.01648244  0.00641764 ...  0.01571728 -0.00442892
   0.00727747]
 [ 0.00380895 -0.00727804  0.00893339 ...  0.00226984  0.03279566
   0.00042666]
 [-0.00357248 -0.00470668 -0.00152791 ...  0.0082549   0.01272244
   0.00332571]]"	70.1333	-1
109	126	WZ_xUadSOF0	"[[ 6.90346491e-03  7.02427793e-03  5.67305135e-03 ...  4.49109189e-02
   3.85045148e-02  8.21906608e-03]
 [-1.85529516e-05  1.28958207e-02  1.68511469e-03 ...  5.88639565e-02
  -1.94570329e-02  9.78130568e-03]
 [ 4.36473964e-03  1.35012930e-02  7.98808783e-03 ...  2.43047364e-02
  -2.30613258e-02  6.82090595e-03]
 ...
 [-2.77233752e-03  3.45701165e-02  1.06802145e-02 ... -1.20416582e-02
   3.47324051e-02  7.94787332e-03]
 [ 9.40491911e-03  1.69793665e-02  1.34531502e-03 ...  3.22910659e-02
   2.79251523e-02  1.06466049e-02]
 [ 2.29141116e-02  9.32257529e-03  1.06106764e-02 ...  5.25765913e-03
  -4.43997532e-02  1.44891227e-02]]"	52.8333	-1
110	127	XwAciRZg8fE	"[[ 0.01188832  0.00097213  0.01105966 ... -0.01004734  0.00738603
   0.00400648]
 [ 0.00744859  0.04734932  0.01143729 ... -0.00834567  0.0557826
   0.00396299]
 [ 0.00416684  0.02143819  0.00371468 ...  0.01479192  0.03372071
   0.01551547]
 ...
 [ 0.01276283  0.03601869  0.00640126 ...  0.0043151   0.01692759
   0.00690351]
 [-0.0017905   0.00482351 -0.00011258 ...  0.0250913   0.02882175
   0.01535294]
 [ 0.00573004  0.03323568 -0.00348936 ...  0.02365758 -0.00592846
  -0.00251962]]"	104.8	2
111	128	_eT17U-ls6U	"[[ 2.0425988e-02 -1.6029561e-02 -2.0533429e-02 ...  4.6326108e-03
   4.4010058e-03  6.9021108e-03]
 [ 5.1981588e-03 -1.0674955e-02 -1.8003996e-02 ... -2.8290071e-03
  -6.0792995e-04  1.4511096e-02]
 [ 2.1185754e-03 -1.1263047e-02 -1.9901427e-02 ...  1.0814870e-02
   1.5203387e-02  1.2863510e-02]
 ...
 [ 6.1147888e-03 -7.3027881e-03 -1.7569207e-02 ...  3.4992486e-02
   3.4959514e-02 -1.0383150e-03]
 [-1.5890369e-03 -1.0159927e-02 -2.3560489e-02 ...  2.2450434e-02
   5.3970881e-02  4.8934212e-03]
 [-7.3460214e-05 -5.0701229e-03 -2.3617961e-02 ... -7.5826398e-03
   8.2004316e-02  9.9691004e-03]]"	87.796	-1
112	130	_Y7wKOIg5Hw	"[[ 0.00830455 -0.00643529 -0.00153781 ...  0.02099011  0.02439385
   0.01509552]
 [-0.00578019 -0.01958316 -0.01645488 ...  0.00268185  0.00581973
   0.01439247]
 [-0.00031059 -0.01371309 -0.00368778 ...  0.01531436 -0.00441974
   0.01495514]
 ...
 [ 0.00174424 -0.00968129 -0.00131792 ...  0.01017661 -0.02056372
   0.00788767]
 [ 0.00268817 -0.01665219 -0.00162361 ...  0.01213169  0.03655448
   0.01635941]
 [ 0.02657035 -0.00810956 -0.00124596 ...  0.00222974  0.01381129
   0.01218408]]"	137.22	-1
113	131	_Y7wKOIg5Hw	"[[ 0.01904629 -0.01058708  0.00189352 ... -0.00317737  0.06972101
   0.00291266]
 [ 0.00615903 -0.01820821 -0.00980139 ...  0.01694326  0.07607543
   0.02189113]
 [ 0.0091163  -0.0099861  -0.00506428 ...  0.00265947  0.04438177
   0.01048094]
 ...
 [-0.00617247 -0.01027192  0.00479874 ...  0.0198472   0.08820325
   0.00670013]
 [ 0.01776033 -0.00785553  0.00857499 ...  0.01533134  0.04852171
   0.00491939]
 [ 0.02836054 -0.01083441 -0.01501014 ... -0.00920207  0.0778202
   0.0052329 ]]"	38.8722	-1
114	132	0MXkoYqIZFQ	"[[-0.00033604 -0.00632287  0.0033887  ...  0.00522603  0.07342352
   0.01132063]
 [ 0.00036655  0.00372609 -0.01053847 ... -0.01774439  0.05251381
  -0.00109417]
 [ 0.01527157 -0.00079138 -0.00608187 ... -0.02785735  0.08913694
   0.00689607]
 ...
 [-0.00368424 -0.00218846 -0.00299472 ... -0.00729397  0.05293744
   0.0129278 ]
 [-0.00299594 -0.00521871 -0.00723292 ... -0.01580442  0.04546648
   0.01563489]
 [ 0.01516672 -0.00692186 -0.00146236 ... -0.01388134  0.06788914
   0.01179046]]"	91.4664	-1
115	133	0MXkoYqIZFQ	"[[-0.00290229 -0.00691779  0.00051089 ...  0.00930542  0.03719575
   0.01322983]
 [-0.00464196 -0.0072979  -0.00488772 ...  0.01527635  0.02272227
   0.01358686]
 [ 0.014165   -0.01359303  0.01387286 ...  0.01152806  0.01468697
   0.01014428]
 ...
 [ 0.00138104 -0.00843269  0.00018971 ... -0.00476214  0.03264346
   0.00748556]
 [ 0.01135645 -0.015049    0.01007798 ... -0.00498111  0.05779083
   0.00426529]
 [-0.00657101  0.00032365 -0.00325862 ...  0.01580885  0.05610981
   0.01552473]]"	48.7153	-1
116	135	1Q9gzlrDvrk	"[[ 1.57644227e-02 -1.21856015e-02  1.59195829e-02 ... -2.58668382e-02
  -5.05675329e-04 -4.82820021e-03]
 [ 5.35427779e-03 -1.28074642e-02  1.30655002e-02 ... -2.38402262e-02
   4.11392003e-02 -6.42523076e-03]
 [ 2.80332123e-03 -8.44945386e-03  7.44146807e-03 ... -2.29425635e-02
   1.18409153e-02  4.55552945e-04]
 ...
 [-9.22360457e-03 -1.40849026e-02  7.35548511e-03 ...  1.66576845e-03
   1.55490246e-02  1.14804804e-02]
 [ 9.85964853e-03 -1.36215184e-02  1.85151454e-02 ... -1.59763005e-02
   5.74533641e-03  1.14954822e-03]
 [ 1.36977900e-02 -7.80738331e-03  7.89948026e-05 ... -3.47765302e-03
  -3.04939263e-02 -2.09265185e-04]]"	81.9152	-1
117	136	1Q9gzlrDvrk	"[[ 0.00402167 -0.00457905  0.00046764 ...  0.01168257  0.00130867
   0.00796151]
 [-0.00105084 -0.0104757  -0.00308276 ...  0.01503142  0.04424894
   0.00130683]
 [-0.00015081 -0.00414528 -0.0076387  ...  0.01279019  0.02441323
   0.00798944]
 ...
 [-0.01235849 -0.01038944  0.00375794 ... -0.02245088  0.00910778
   0.0086069 ]
 [ 0.03683253  0.00250619  0.00823663 ... -0.01489325  0.04316096
   0.00040626]
 [ 0.00638266 -0.00729378  0.00041929 ... -0.01811522  0.03933498
   0.00997386]]"	46.7967	-1
118	137	7jPc11-CSy0	"[[ 0.0185915   0.00188325 -0.0097211  ...  0.02186484  0.04802474
   0.01494214]
 [ 0.02075661  0.0036681  -0.0012193  ...  0.01590912  0.06929433
   0.01471663]
 [ 0.02457574 -0.00650948 -0.00524354 ...  0.00414099  0.02494917
   0.02353471]
 ...
 [ 0.01597309 -0.02895757  0.00255444 ... -0.00556615  0.04432984
   0.01980603]
 [-0.02483423 -0.00026962 -0.01054839 ...  0.01837695  0.09662376
   0.00904161]
 [ 0.00560265 -0.01923934 -0.01231349 ...  0.02041957  0.04287259
   0.02128617]]"	71.071	-1
119	138	7jPc11-CSy0	"[[ 0.00189897 -0.00956453 -0.01038644 ...  0.00697465  0.01518032
   0.01615849]
 [ 0.00757166 -0.00898501  0.00617467 ...  0.0091338   0.06980497
   0.00950079]
 [-0.00343472 -0.02842113  0.01429353 ...  0.0335743   0.03767794
   0.01904536]
 ...
 [ 0.00805124 -0.0111586  -0.02232511 ...  0.0143693  -0.01867416
   0.00146989]
 [ 0.01102479 -0.01587467 -0.00091512 ...  0.00556958  0.0464264
   0.01832858]
 [ 0.00552243 -0.0111695  -0.00644131 ...  0.01237834 -0.0080364
  -0.00253162]]"	48.0063	-1
120	140	8CE5NGkUKdA	"[[ 0.03981961  0.00206782 -0.00551602 ... -0.00917016  0.09823519
   0.0046023 ]
 [ 0.02187061 -0.00417095  0.00432687 ... -0.02049742  0.07806226
   0.00066431]
 [ 0.00307984 -0.00100281  0.00105043 ... -0.01249178  0.06554839
   0.00277545]
 ...
 [ 0.01100253 -0.00529668 -0.00109273 ...  0.00048018  0.03646507
   0.00146832]
 [ 0.00600478 -0.00098112 -0.00273263 ... -0.01668683  0.03679901
   0.0047782 ]
 [-0.00224816  0.00652416 -0.0029104  ... -0.03088715  0.02856967
  -0.00550518]]"	79.2874	-1
121	142	2aVmu8eK_l4	"[[-4.4234530e-03  8.6837439e-03 -4.6543945e-03 ...  3.5465681e-03
   4.7911890e-02  4.1032061e-03]
 [-1.8282386e-02  7.4449158e-04 -5.0973566e-03 ...  1.0311035e-02
   5.7489071e-02  5.6365412e-03]
 [-1.4755585e-02 -1.1927225e-03 -8.8111754e-04 ...  1.2458092e-02
   4.1223574e-02  4.7226334e-03]
 ...
 [ 4.6087126e-03 -4.0438217e-03 -6.2766457e-03 ...  4.7418419e-03
   5.1361844e-02 -1.7824186e-03]
 [-1.4204227e-02  3.6884879e-03 -5.0465882e-05 ... -3.9459541e-03
   5.0386395e-02 -3.2326663e-03]
 [-1.8568685e-02  2.4393362e-03 -8.1328610e-03 ...  1.3953140e-02
   8.8857636e-03  5.4783374e-03]]"	154.738	-1
122	144	aOUDPl3Jams	"[[-0.0161638  -0.00836361 -0.00362716 ... -0.00095046  0.03763564
   0.00386449]
 [-0.02107576 -0.00538985  0.00105024 ...  0.00176126  0.06397944
   0.00090645]
 [-0.02013255 -0.00153789 -0.0059739  ...  0.01212811  0.04892445
   0.0051009 ]
 ...
 [-0.02248611 -0.00426879 -0.00766972 ...  0.00900081  0.05107016
   0.00752494]
 [-0.01411058  0.00135925 -0.0021727  ... -0.00012624  0.03489362
   0.00468207]
 [-0.01386165  0.00523193  0.00020026 ...  0.00032274  0.11225838
   0.0022076 ]]"	640.765	-1
123	145	Aw9fCYnZMP0	"[[-2.0917332e-02 -7.3866490e-03  2.0394693e-03 ... -6.2942589e-03
   5.2004304e-02  1.5739114e-03]
 [-3.6080002e-03 -2.8632456e-03  4.6070078e-03 ... -2.1169575e-02
   3.4167387e-02 -1.1983416e-02]
 [-4.1215168e-03 -1.9968818e-03  1.9087715e-04 ...  1.7505644e-02
   2.1742586e-02 -2.6412355e-03]
 ...
 [-5.9261383e-03 -3.4191702e-03  1.1443130e-02 ... -7.7018095e-03
   2.3350753e-02  4.7240118e-03]
 [-2.1914186e-02 -5.5467049e-03 -9.6529740e-04 ...  8.0758095e-04
  -1.6617436e-02  4.4967914e-03]
 [-1.2313749e-02  1.8368664e-03  9.1664333e-05 ... -1.2883084e-02
   5.6077838e-03  1.5057401e-02]]"	154.32	-1
124	149	B0-rcLJZrZU	"[[-1.74257252e-03 -2.02277233e-03  4.33282042e-03 ...  1.36164725e-02
   4.21124175e-02  8.40938091e-03]
 [-3.15907039e-03 -4.17058961e-03  9.06089973e-03 ... -3.20384055e-02
   3.00533492e-02 -6.97017601e-03]
 [-4.25706711e-03 -6.04713010e-03 -3.59434867e-03 ...  8.44412204e-03
   8.42025280e-02  1.00677982e-02]
 ...
 [ 1.02183511e-02  1.66952319e-04 -1.06506860e-02 ...  1.35824103e-02
   5.37177138e-02  8.44853523e-04]
 [-2.55299872e-03  6.70568505e-03 -8.99779890e-03 ...  2.35411935e-02
   5.42965159e-02 -4.49969061e-03]
 [-4.24015243e-03  8.73333993e-05 -1.10132508e-02 ...  1.79774873e-02
   2.24047918e-02  9.86448955e-03]]"	47.756	-1
125	150	B0-rcLJZrZU	"[[-9.20916256e-03 -1.07427062e-02 -2.98948307e-05 ...  1.04403934e-02
   7.59116933e-02  1.08799497e-02]
 [ 1.33691011e-02 -1.04107447e-02 -1.13176508e-02 ... -9.89416335e-03
   4.69731763e-02  1.38814282e-02]
 [ 1.20050255e-02 -9.60405450e-03 -9.44897160e-03 ... -5.89446910e-03
   3.71344574e-02  1.32829137e-02]
 ...
 [ 7.84849934e-03  5.70971193e-03 -5.91005664e-03 ... -2.30284445e-02
   3.63972709e-02 -5.50514553e-03]
 [ 5.31587924e-04  7.63245625e-03 -1.00673474e-02 ... -2.73357574e-02
   3.03063225e-02 -5.19467937e-03]
 [ 2.07198504e-03  4.32897964e-03 -7.53568904e-03 ... -1.83435977e-02
   1.93792488e-02  4.56193136e-03]]"	57.4324	-1
126	154	dw1pcD2nUYU	"[[ 0.01911053  0.00893987 -0.00236412 ... -0.01783672  0.07372184
  -0.00083367]
 [-0.0009303   0.00403945 -0.00733761 ... -0.00795844  0.06876741
   0.00746148]
 [ 0.00546871  0.00821186 -0.01896787 ...  0.00786686  0.10827004
   0.00989919]
 ...
 [-0.01167999 -0.01519783 -0.00872842 ... -0.00523361  0.03375347
   0.0154304 ]
 [ 0.01742022  0.00211373 -0.00366386 ... -0.02519499  0.07312945
   0.00092542]
 [ 0.00451025 -0.00454805  0.00019819 ... -0.01492582  0.07472036
   0.00547212]]"	49.7998	-1
127	155	dw1pcD2nUYU	"[[ 7.1392152e-03  3.2301103e-03 -1.4991184e-02 ... -9.7870324e-03
   6.3781597e-02  3.3886493e-03]
 [ 1.7006929e-03 -1.3041571e-02 -8.8442044e-05 ...  7.3477915e-03
   3.5774801e-02  1.3386340e-02]
 [ 3.3440026e-03 -7.1143787e-03 -2.5251352e-03 ... -9.4167870e-03
   3.7267219e-02  1.6773753e-02]
 ...
 [ 1.0337802e-02 -1.8877825e-02 -5.4355338e-03 ...  1.1916044e-02
   5.5342101e-02  1.5206876e-02]
 [ 7.2955718e-04 -1.6276076e-02 -1.7820010e-02 ... -5.3757718e-03
   4.3072231e-02  1.6640592e-02]
 [-7.1649300e-03 -1.7589460e-03 -8.2992483e-03 ...  1.4892724e-02
   3.4694724e-02  1.6299356e-02]]"	77.7443	-1
128	156	FsudwpWhhLU	"[[ 0.00941718 -0.00282294 -0.00258739 ... -0.00298138  0.02940365
   0.01438472]
 [ 0.00555074 -0.00478929 -0.00556016 ...  0.01185491 -0.01686275
   0.00440291]
 [ 0.00567527 -0.01199619 -0.01130888 ...  0.01510427  0.00207531
   0.01641475]
 ...
 [ 0.0250773  -0.00566522  0.01090507 ... -0.01821354  0.08392772
   0.00458199]
 [-0.00233229 -0.02522524 -0.00149729 ... -0.00012579 -0.00723615
   0.0085393 ]
 [ 0.00349486 -0.02267044  0.02282516 ... -0.0413116   0.0136018
   0.00449513]]"	77.5358	-1
129	157	FsudwpWhhLU	"[[-0.01277081 -0.00754487  0.01317309 ... -0.03194981  0.00048225
  -0.01551751]
 [ 0.00183272 -0.01066923  0.00704626 ... -0.0342277   0.05741382
   0.00170779]
 [-0.01816375 -0.01164936  0.00575906 ... -0.0198204   0.05324589
  -0.00047845]
 ...
 [ 0.011775   -0.01319698  0.03115106 ... -0.01986302  0.00792693
   0.01133778]
 [ 0.0052837  -0.01048455  0.0150254  ... -0.01575865  0.06723476
   0.00739085]
 [-0.01017932 -0.00477494  0.00806508 ... -0.02791384  0.094712
   0.00433374]]"	31.6983	-1
130	159	GBkwjEx1GWQ	"[[ 0.00178553 -0.0142718  -0.01260966 ... -0.0015193   0.04335385
  -0.00691675]
 [-0.00071324 -0.00574543 -0.0115261  ... -0.01855261  0.03540007
  -0.00317052]
 [-0.00912058 -0.00590078  0.00645333 ... -0.02308612 -0.00123385
  -0.00866378]
 ...
 [ 0.00501213 -0.02016831  0.01544356 ...  0.01610129 -0.00224653
   0.00395486]
 [-0.01665045 -0.02453323 -0.00548643 ... -0.00057071 -0.04792004
   0.00440502]
 [-0.01303347 -0.02429841 -0.00296403 ...  0.00125785 -0.01019383
   0.00293814]]"	69.5695	-1
131	162	gzPAAgLI2Bc	"[[ 1.82619616e-02 -7.66057696e-04 -6.60061778e-05 ... -2.99270116e-02
   4.34524752e-02  4.29994939e-03]
 [ 1.09726675e-02  1.90781988e-02  4.34800005e-03 ... -1.90741085e-02
   2.64656171e-02 -1.70460027e-02]
 [ 2.12441385e-02  6.46013347e-03 -3.46059562e-03 ... -2.42786519e-02
   4.91353385e-02 -3.17352475e-03]
 ...
 [ 1.22343851e-02 -3.72157339e-03  3.70241678e-03 ... -1.26835816e-02
   3.38749029e-02  2.47215712e-03]
 [ 1.71872098e-02 -7.40554743e-03 -1.47324512e-02 ... -8.94378312e-03
   1.70283634e-02  1.25740319e-02]
 [ 2.52445973e-02 -7.91328866e-03  2.21861806e-03 ... -9.68639553e-03
   5.42864762e-02  1.27768982e-03]]"	41.1661	-1
